-757
-473
7454
-7829
17730
-14891
-15712
-10488
39011
46209
-30441
-42933
-55717
69280
-18926
-2758
-77143
23136
-61893
79348
54488
-106217
-42692
98728
-86541
-107731
2599
96488
83990
-76859
-20412
26508
-42303
85215
113202
115771
40222
161654
-4053
25350
129833
-45499
128540
-158470
-43608
199729
76781
178517
87285
-112171
107242
-24922
-123596
191771
189938
-94787
22555
-77531
-106873
248083
68553
-44384
74139
161777
-50523
304911
-41256
74981
-207867
255240
159701
216744
-118116
222819
-127874
-176085
350624
-5760
-257531
-323165
46287
272866
244644
66175
-16382
-427714
318802
4926
-399693
-214171
-306370
62219
380252
262042
403859
-13261
185098
-223977
-327483
268765
-71424
262019
395417
-256517
210243
-104156
250920
-252675
-46593
490910
-111001
-470739
-483950
183613
140829
-198002
34341
-185513
-250054
564533
-369574
-136972
-264088
-474995
274982
618040
531337
499415
-563573
271888
64446
-465674
439330
-663762
-409743
-28653
-430163
165730
-62703
-135983
479978
542542
-552624
265431
369752
39020
-659954
-728013
-74574
-47973
-429809
281359
408902
347292
308570
214516
-317225
614047
-360416
-178077
-738437
-21120
236463
677835
-495584
718481
-528047
-298275
47046
584551
-403753
-317787
25977
363150
-380561
-134327
735912
-377754
346703
-297376
-7653
-482502
428654
-184279
-32829
-850084
-270342
-106100
21098
-768058
-811182
629948
-869353
287890
957107
-971411
385153
632883
-352476
-600642
-62321
-1827
148140
-202774
-326929
-901449
-428010
67416
-132821
-475429
-432703
-839389
-595513
475844
-419606
-164489
206657
182355
533829
120247
-965017
347920
-576981
-701994
389252
928989
718336
681438
-962232
322376
1089172
79334
-622442
-963752
178560
-481063
1102585
-663046
-1174285
-159303
-576906
-833838
793752
338823
-929859
216920
-127421
-343446
-1048075
-252592
-253734
920601
582730
-451906
1129489
368720
-1057568
1004743
-1077122
-816105
1267454
-734703
924131
235029
913063
333251
-78752
-715029
942885
-100719
-261257
-995580
198117
-1151539
-1247469
-679418
-1319642
-940563
803300
-262174
-1023602
-10586
1216453
359848
-751650
1179411
1393066
-221845
-1273928
-991084
-1057923
-166225
236874
156087
501474
156171
-361929
-857290
-867968
388214
-242835
-1494599
692606
-1397255
707235
-443576
-376309
-147691
-595560
-512742
17795
185437
-908254
460242
141239
-483386
-934585
343882
830171
651033
337642
-796701
1598957
-44743
1370151
366927
-835069
-1518128
758068
-1506588
366377
440459
-915413
-1144552
-1243500
-1656901
784900
-1132479
-406198
-1361659
379290
685697
471859
1319520
-1492632
-831159
1223677
1386211
977267
1149538
42009
-1646683
464837
-1677606
1483512
1076951
-1183483
-539443
1727106
798086
-1160153
917737
-1590258
1250127
275019
-35002
1314268
-760343
-898277
190450
-1764765
690325
-1470993
-847984
-548237
344475
228923
-1849775
501269
-15135
1836341
1276707
1889370
-494248
813664
-1005394
615672
-1726818
255410
988531
-163246
-972570
1868867
169196
1131068
-1926630
-1563928
-442369
1839274
-1377723
1903524
-52177
1411699
-541661
1461704
-1470829
822810
-593882
978412
-1099565
743380
-870886
412615
-1680506
-996235
909917
-1524941
-1564213
950912
-603296
-1228469
-1636394
-926303
-1901489
1750131
858907
1061943
2048134
1326790
-1584623
1573350
192825
672493
1013994
-1129890
-454677
561111
958272
-1542993
1812898
1270384
307769
-1994852
1535719
1042678
1213612
1803762
-1728788
-1574557
-149316
-447331
-2232932
-1041963
2195941
448046
235716
2168653
-547325
1324291
171280
-2210331
-600058
-1567503
-1373143
-1246269
-1768678
2317037
903440
-563384
278908
-1020334
-2228492
-1022851
-816253
-1961591
-1913876
-443664
1279694
2348313
-905258
1029435
-1733154
1669486
1885567
-1124511
-1496055
-1981738
484895
-2010356
1902181
1915294
-998411
-1697200
1107564
82266
1056848
10074
-437326
-295264
-138034
2351602
2137118
988858
-146648
-174696
-753481
-1721573
-1831367
-1197108
-2155440
-1553499
-425984
-1310389
-727558
-13150
-1739633
-1719239
1545885
1108705
2422849
-1729737
-2224900
2212711
1952352
899055
-1482258
1371500
-682560
1366006
132388
394628
-1612294
-2647942
1440082
-1934747
-1831672
-429875
1064040
-2566585
834906
-1537143
-2699800
2587294
1646185
-1548247
-684800
182888
-1473076
850129
909896
-2593333
233776
274204
-14720
152434
-1161864
-1887915
-1548806
-1453297
1926426
-1384462
2474508
769627
-2344354
2202264
795968
-1801626
1285690
596443
1777622
-1107214
-1566646
2331283
288137
-2703975
459556
418235
-36328
704014
457107
-492968
-2235673
1743606
-886996
438440
-1516689
2048785
1743936
-2532100
920158
739848
-2096306
1534689
1328333
819504
-1780892
1695891
-2625984
1662118
-1419376
-2779482
-986665
629855
-2644867
1159278
-740470
526695
-2682454
-112071
-1450466
795025
297792
2101211
-1729220
614360
-1351690
532557
1670918
204014
-2622257
172972
269349
-1254810
2435781
3041947
-1525281
1596133
407829
-1428542
-2822802
-2844099
2705255
-3025619
574307
1226481
2893849
2562909
1943517
102656
172924
1027357
-2101586
587881
-2498212
904905
877153
1687714
2034933
510929
-2567350
1230376
1037313
2518783
994989
-3163302
-2777408
2678652
813542
2067050
-1813740
-1295058
2759603
-2361417
-3090367
198737
2557276
1363716
-1632704
559478
678472
-3054813
117295
-3015393
-1674296
-1050877
2751518
3340155
799475
1016950
-2154594
-2166458
-2108085
3242926
2621948
-3280294
-1940155
1307763
-2880518
-971853
-2033296
2377857
532783
-1836803
2117796
669038
-3463646
1579617
2525938
-1409651
-2930351
417845
3038519
-2538267
-2978177
2519888
1462556
-2983458
-287844
875689
2298769
-2048965
-1949314
1159279
-3095339
2565640
-3349713
-381970
1651928
-1872093
2435470
177530
2071468
3132176
-864911
-2427965
129141
1640141
1395029
1692660
2786758
-2183917
-2486747
3374725
-1653002
1185601
710056
2918327
2201169
2269228
2941664
1092115
2142573
-3064821
506573
2330352
-125710
563313
3074335
-2322425
-397959
1431224
-289781
-1704374
2757037
-1184423
-1375086
607
2681668
2507055
-3745493
-2908790
2600973
-103633
17257
-1852615
2151675
1793775
2921697
2998316
-2294930
-1639352
-3689289
2172756
2593072
17236
-2054295
813421
-1577917
1185339
612796
3740406
2857814
2001162
1128437
3608871
-3925526
1619700
2615242
3777119
916849
-2883260
-415383
-1195852
-1947418
-277200
-3829226
1820569
-636765
-1720704
-3158050
-2844048
-3711862
3356491
-1266424
-316485
-3792471
-3442681
3051999
3427338
-3415933
-3136927
3801517
-1004383
-3357768
1118419
2337141
1487370
2374855
3446222
-2623937
2155551
666748
-38297
3256726
670237
-208669
691135
1854552
-4139081
-236203
136352
1849929
-4013464
3866183
1013929
-1329406
454137
1992919
1590999
-2866937
2614821
2655068
-2835282
-707029
1495419
-1621701
-2244880
-1648042
-2998194
2262087
648703
4060527
519793
2732396
-962700
4056122
-1040916
-2554728
2151173
765880
-3519414
-3006107
815522
3249765
-1012617
3594848
-4200035
-3545867
2809740
-3156708
3587455
769884
-839711
-2320778
1045090
-4200711
669202
3512948
-4047246
-1614939
1110106
-3771905
481322
2790087
-4410163
2669781
-2194223
2641138
-3602669
1755049
-1878161
-1666576
1653188
1965616
-305081
541061
4156741
3563065
-1034050
-4114269
-2886651
764453
-1681545
-3583608
-392320
-843409
185674
1438296
2153845
4162069
254676
-4366041
-4324359
-1374374
-239602
-3473582
-530369
-2269409
-2842689
2391422
2001717
2812804
327323
657280
-337161
-3548462
2474749
115817
-829156
2638598
-2598983
3426746
-544685
-2902113
-3556331
-1216365
-2720306
908653
-1032526
-1866105
-3177244
1099090
1975286
-561525
-1542192
3905315
618249
-2661079
-3419759
745841
2155853
3076720
2309566
1730812
1912975
-3514094
1365397
4731229
2142624
3720310
-1812039
-421160
154510
1475115
3221236
4332635
-3694314
4075719
-2408016
-3742480
1069300
-4642127
713636
1097068
2131859
4845602
2075737
3776203
1600016
-2262410
-3102370
-1326109
1763931
3532695
-3183756
-1468572
-2848765
1703653
1932286
3257086
3769310
-1507486
1798311
4532265
-3763083
-443115
2545230
2373270
-4874243
1150726
-1807757
-235492
3337019
-408481
-1980017
1255416
-214863
616570
-642548
-1987476
-4319587
230107
-3613744
-2604227
-1182028
-737782
-167474
4756992
1037512
-4600592
2912278
-3615891
-2143221
4503294
1248396
2666556
1966223
754831
1822546
-3500946
-4825404
-801422
-2191510
-1164703
-4002766
-5028003
-4912155
-3395436
1758320
-1205696
-2320664
-1796948
2398808
-2079690
330434
-3436493
3852203
2003009
3566672
-3907051
-3243011
1835390
4513004
4987373
1415509
-4371474
2202592
-359373
-4231107
5248925
4261914
-87340
-1033026
-1888717
-3437478
2718978
4781608
-4114504
2512852
-4732461
-412103
2061783
-2522844
758936
2964226
-2060536
4720215
-1032451
2463793
3454473
1557764
-95351
-898952
871719
-2856416
-22605
5167564
3830060
-4893662
-4049569
2768491
-1958138
1650360
3552118
-563684
309584
1680406
4820884
-2080314
1003090
4019992
5387480
-4671192
2530859
1303024
2966304
3977407
-5372747
24003
-878926
-434962
-4280986
4804409
1555640
-4222310
3666723
-4694028
-472123
-1556575
-2085756
-4363158
3676170
1762368
-5285382
-3475879
2117559
2546106
-2124232
-5582108
-5449592
-3849573
-2594686
-5034771
2817954
-3568569
-730463
-683038
-5059745
4042825
1790211
1752915
-4045417
-742602
806061
-1818053
-5124289
-5528141
2410100
-1140259
4880062
2249916
2989829
-2675373
-3373107
-2687712
-4031620
-5271812
5470286
-67848
3351089
3027676
-5353807
-5106850
-1289003
-3077693
-1169558
-462258
4800728
4829922
4593069
581479
111599
-2056659
-2359364
-1125662
3547091
-2107239
-408911
-455389
-4610862
504846
-2956277
-5257952
-3694532
3014532
-2529258
5276401
4441148
1904475
1928467
5347798
-1679758
-5208625
-4554738
-5014831
4444228
5388198
5673330
-4784063
5395787
-1526022
1934655
-4363117
1901290
4802129
5773947
4295631
-242024
-1840951
1885543
3850284
-5629700
3817030
-3936628
-570763
2623914
-1214332
-3167249
-1234209
353367
-1847369
-257164
908292
1656320
2819973
673363
-3297081
-2477521
-5082910
-3320005
1689486
-2124879
2516451
979418
-3661578
4458861
4083075
-3734757
-5430521
-740649
-3829275
4592495
-528358
-4501689
5434267
3189595
3614826
5681458
2322789
1294833
-574296
2341678
3215335
-160529
-6255258
-2782290
-6131303
3463075
2400478
6184171
725834
2136180
-1330982
233591
-3740536
-2114738
2305469
-5729689
-5470955
3467681
584859
5565446
-2565637
-922838
-3728324
-4524040
-5433008
-4471668
3958059
5752746
1582715
5173510
-3474525
4870401
-4313891
485139
-3788196
752389
3249509
-2080913
5455491
-2887351
5115121
6041776
2315059
2120196
4520184
-6393725
-5725308
392621
-2819324
5007463
1330584
5464101
5634249
-2473506
6123347
888769
-1861747
4582100
2297339
-1626091
-3136004
4661778
1658013
-5567127
334780
4125741
5416910
-2028391
1970249
-4716065
4539579
-645618
4511386
-1234892
4231660
920042
928163
-2699011
-1338399
-4516551
-1107997
5004713
6331988
-2852657
4241159
-2269912
5939390
-3432454
-1429589
-283696
-3750403
-975007
2205410
-1005005
1109016
4144110
-6121034
1021175
-172546
6698518
-495875
5054026
-208583
2718371
-4770469
3176904
1415072
-6046549
-4801269
-5216029
1972953
2433708
4902963
1557677
-5205979
-2921407
-6102426
-5327551
3723724
805557
-5412165
818533
285965
2220286
-2234479
-4853552
-6402710
2435675
-3279997
-1178132
1464164
3607002
-6241493
2239882
-1762740
4760286
-1334903
-4901983
6638367
3230657
-2425961
-3961608
2909516
-4860566
2155175
2382771
6672158
-266479
-3402067
-4851185
-4050979
2674577
5228185
4572856
-4044030
-2791691
1379203
2739638
2372604
1608004
1315170
-3715965
-1802939
-2699187
409650
3277978
-5245325
-1086049
-5454760
-1032691
-6125337
-3060490
6861678
-1580230
-2950000
-6660277
4171505
2552940
-5225977
-1443302
-3632984
-6691954
1664614
6335120
6766145
1726680
3672955
6164327
-6998186
-2431779
-6363696
-5255418
-3044174
-4322219
-6495325
6492937
217361
-4833111
-1640588
4082899
-6155164
1683914
4503721
-5760816
4803335
3583271
6196322
-780075
-1623051
2328545
-3677938
6904033
1973765
-1620192
-375045
-4625543
1800307
-6538919
-2356914
-1458052
7019672
4352226
-3676476
959009
-7366529
2332499
-6581201
-5208836
101900
-5594039
3504943
-5854376
-6163320
-3185243
-3913026
-1218169
3913957
674718
478173
-2387242
-4960211
-1767578
3373457
7211975
961397
5946053
-5380583
5327088
3639873
3238389
-1712529
1465054
7076906
-5897379
28966
3758482
-5715524
61626
3168029
-5648771
-1506619
1408750
-6694383
245341
2121775
537012
-3019198
4941033
2067906
3477376
-7345328
-3511013
-3383711
-6769763
443147
4576619
442516
117235
4190432
-2677972
-3778809
5491269
-2965381
897588
4607418
-6958815
-2939123
-11716
-5183193
-2387165
2724624
6378691
-1852428
2153406
7520711
-3937638
7088751
5524185
6706894
5544250
-7466707
-1733017
830674
-4459831
-5671820
3589014
-4287472
3975613
677857
-5882255
-5744800
-3132200
2297283
7632642
1315871
5340689
-4343159
4622270
-6453641
1263846
329541
6280028
-3269400
2030982
7848466
-2871559
-5468876
-943869
-1521727
2112934
4053309
-1593550
-2838801
6011363
5951145
-5607006
-6046408
-2387288
-6684294
-3579438
-7747787
-5329903
1355050
64994
2130706
994502
-5922529
-78392
-4536959
6712255
562797
-4390778
-1485141
-5569412
-1895205
-3876233
4040374
5927313
-5176038
5552514
-6169891
-51733
-8058573
-1639620
-2047246
178419
-3468940
-3947500
819162
-4173684
-7325384
-3744656
417788
5496774
-5244292
-7391234
3305758
-4472517
-5544929
-1648546
1308612
3135847
-2655187
5760080
-98593
7798542
7745293
-596582
575298
4371820
8135961
7811239
3863247
632192
-4432218
-681431
-4002053
1069634
5456327
8011292
4766212
-5910288
-5862497
5297055
5300557
5709229
-3297658
-3557707
1210224
673779
6651590
-7008997
7080574
-7195383
-5408596
125302
-5951716
1939780
-3880689
-3422342
1795426
-3939634
7817458
7277749
2574767
2013692
7545638
4214262
-3174060
-6815772
3755889
-5384839
7197068
3127112
5369916
-4123549
1226070
2132014
4154841
2117248
4308231
-5280310
6962566
1176578
6230155
6246508
-412506
-8297724
-8017351
-2578686
-6318125
678284
-3067527
-3413660
-3933125
-2822571
-5783553
-6811475
-1572828
-6925641
4715862
6580301
2659495
3493300
4254643
-7638214
-2129915
4690691
4588199
-2956038
4318792
3126331
-4800425
-3259837
-5819417
3703449
6217410
5755616
4634763
-4012208
-1117754
-1843030
5751879
2332655
-5766331
-4911715
1288559
-7418114
-1327109
8100752
-7635849
-6306481
-1638785
-191084
-7952240
-2565137
3903109
-3356444
8099169
4165898
7372582
3616019
2311638
6285237
-7266981
5971329
-5364701
-4685938
-6400752
-7347832
1479500
4013131
-5488478
-7087183
2398160
4464992
5492891
-5232152
748995
6460656
2323838
8403995
7932946
6220028
5002013
3629944
8656631
-7083763
662436
-861086
1953054
2597403
8081756
-2916449
7565437
5003396
-8261797
2272580
-1625261
-1506651
-3735714
2619697
7056850
-8207290
6693266
-3840733
-27864
1842676
4535413
7942708
-4425676
8605241
-1904090
-105908
-5867919
5758568
7775850
8682448
-7020626
3983719
-4419271
-120217
7225533
7116789
6916465
69339
-6377868
421156
-7343975
-6722119
4459031
8275043
-1619081
5748006
8248926
3373919
6040285
-5809809
-2181924
-1574504
-5899859
6209837
-749552
-1243204
3267372
-4065791
7984705
-9187095
3102514
624494
-5173221
2423309
5035961
5225854
4363033
-2167637
-2874648
7761078
-3013361
-5490433
-1845749
-6559664
2696371
-8790325
-2182453
-257117
2844816
-8302716
-3985583
6071614
-4001669
-4997553
6921152
1096229
-3968651
-4744679
9065333
-4839065
-1740521
-90969
4148376
-1951018
-8358838
2399501
4643304
2876291
-25417
-8723724
4418458
6878135
-2916425
-2423682
3025461
-6372546
-4539270
-4125150
5846791
2576705
2853042
-4988069
-4458723
-1374192
-224289
1508171
-273234
-85260
-1326683
-7674067
-9492076
8728510
8249131
-5281186
1618017
-7406044
7572662
-3814062
8895597
-4431950
-8760366
518499
-5989387
-6079517
-2627664
-4688221
-9442770
-5785037
-3931737
9273896
67309
68580
3857549
-293742
-8202846
6555871
2923407
-8634155
3523399
6172895
2509736
-880811
4762308
-3408761
-8986959
-7663656
9178784
2381241
4927789
1544595
861524
59950
3717970
-5250145
4229483
-7029429
-9635318
292802
-8000780
5294272
-3963466
-5903137
1689962
-9660999
863876
10179
920202
3487306
6272039
6243735
8703320
-3295072
-2252987
-9300680
-8024309
4921518
9740574
-8147619
-9672756
4162567
5982511
4887833
-6563666
7086349
-1740092
-5604879
-7502707
-3910864
-4804159
1542026
-3933967
8115808
2138618
1328581
-2331269
3313490
3852575
-4858048
-6581943
5286080
9061791
-168338
3816372
-4376338
4929409
-5358873
8401840
-8795204
1851680
7284561
4838368
8362053
1237160
-4383519
7195985
7159779
-7382512
1898812
-2061190
-384762
-573216
-18624
-32668
-6370206
9411297
3045995
7884133
9556884
-2140411
-3653287
3833148
9101305
4982424
-7448491
-1034712
8967212
7696954
3604347
2746669
-5872462
6623972
2109072
6352680
-3353757
-6426210
-3159856
9495741
6284725
-5076217
-7612021
-3776739
6176556
-5378452
-6754666
-1134605
708689
-3332330
5939816
2726083
8234038
9899300
-572041
-10146259
-3150483
4275693
86693
-6954534
-1722428
-10237653
3117629
-3477026
9220051
-352700
-5108245
-183159
-8272741
3670805
1212298
4524824
-8557235
2402515
4014564
-65585
-6619487
1530965
-508110
-6711246
6415955
-5110056
-4044226
-10107034
-5255253
3781661
-2904342
-8433073
-3535164
-2615826
-9110449
-6217868
-3058083
-2162322
-5325782
2981687
-562041
8142066
4621948
7936909
8085896
1341528
7407671
-4484118
-8773735
-8905390
4589159
-3137830
-834019
485560
3562027
-5028562
7728146
3463575
4393967
-1869743
-8247032
-4185015
-7189032
-4369774
5345508
1712151
7186321
10048859
-8326918
-8279473
-4664065
1384062
-6588281
3746705
6488238
1254718
-7148998
-2300024
-897170
-8460981
9659288
-2664745
1486039
-4946451
5619964
-6324732
-8455059
1327631
-7350805
1757730
-9778642
-3642211
1006399
-8616486
3168860
-6680169
-3677845
4700333
4175729
1227519
-2145490
150356
-2038118
-5379820
5112318
3615089
3086975
1180704
71582
-3592043
-5149738
-5467032
-5710875
4797946
-8014208
9101164
7381516
3038067
271659
1308449
-123547
-9597692
-2705059
1861629
-4285955
9890838
5554180
8976760
3385588
-10781641
301952
3766046
2908221
-6333396
-7708883
7340444
-1803244
6470095
151098
930740
8338149
-6383587
-308769
-1540160
-4829826
6616707
-9315299
6296210
6966264
7428227
-4404708
9998018
1818061
-5574782
6042427
-6887044
475003
10210973
3722426
-5333623
-1524646
10244289
-852429
-5903946
2297855
6228124
-9020568
-6093856
10309029
-5747220
-10948257
2540846
7908124
2244953
-8148321
-329396
-2452247
-1220405
-5249806
79712
-6062813
3238411
-8509759
-8048528
-1077892
-8227084
292287
275789
11165177
104663
-5743738
1964549
9284465
8775298
-685994
6336474
-6027467
-4542859
3409873
-4606132
-7213649
-7846479
5887587
-792902
8387665
-2045164
-3916204
-1703007
-1330534
4704081
4975099
7393723
-2658062
-10424052
6600317
-3196164
9634573
-1930703
8628686
-6287261
5344755
-4046999
-3865762
-6834633
3926727
6639142
-10613765
-9569290
7678467
8694310
4617550
6311402
8715518
-10348941
9967616
211695
3055861
11041177
1817207
9709920
6410256
-5571207
6846958
8143526
9179053
2641984
3190608
11205999
4896060
3308533
10715476
-1421900
9655385
7042994
9480285
8219818
7588372
1571101
6687283
-11256515
-8710077
3493310
7375754
-4513910
3860107
10754654
-6360470
7880653
10701223
4158768
7373918
-5768816
-6551117
-1158197
-4263534
-8295538
5654649
-11606630
-4060862
-9317884
-4614707
4941188
9440765
1950210
1687537
-8120263
-7355646
7160970
8950278
8459171
6249078
-6533907
2263764
-67193
1409065
8791357
3744273
1429990
-465844
-8290600
9590260
4336439
-4728584
-4988571
10785987
-11534588
9664675
6489755
-2762489
-10202305
3562984
6779414
-197913
-10406362
-11379093
4212394
1595473
9703249
4907435
3716960
-1732079
-7383342
11312616
4867856
4308673
-6590978
5507061
-5734410
-10770249
2377493
7966508
9972702
-2047217
-2052557
-669056
-6981329
-6845719
6551687
-10744855
-712730
-1204892
8704256
4551814
-7732567
7032307
11495467
11639276
9238688
-2087308
-12960
-6125973
8933240
-11376092
-6548115
-2988082
10596452
11193301
-11556649
-10808643
10276529
-1116507
4569711
-6712580
-3819414
2621507
-11599254
-588919
-4504908
-4488837
6582539
-8049660
6154187
2403309
9183914
6705805
2684693
-4491994
-11591681
8348846
11871487
926004
8614964
-9367695
-9390876
8086297
-9039520
-5070043
4799140
-5057102
9390687
-6373680
7020885
3644729
7703924
-1559279
-3761290
-491138
4947884
920602
9910104
8598749
-8580061
3308186
-1273916
4495766
268121
9431197
-5130001
-9893817
10125520
-7790994
-8011556
-6649895
-8071077
-2542462
-1182212
-3232787
5153799
557924
6212938
-8066599
-6022571
2164788
-3046171
4301227
-7943604
6056125
10628048
-5350102
-9108073
7819783
-10782481
-9657217
-3718349
-522352
-759122
605348
5170481
6238421
11415430
6313874
-5371640
2881381
-11337737
-7987398
3369160
2166290
-4583196
-7630025
-10973044
11757321
-8579758
7163765
-11632168
10600543
-2592099
4172564
9298861
-2405654
2773662
-6092304
-5021880
-9470198
2015959
-3040144
9725403
-3252707
-1951173
10734647
4499858
3136340
5333935
10723955
11626622
-4701368
-323813
-6043480
3791968
-1767540
-10791764
-10918857
-4697689
-11606189
10916626
11478139
6520658
-10863202
329435
130225
2183187
5749886
4497749
-8041821
-189144
925890
12381051
11735083
8189426
9188387
-12361765
5652872
-3751768
11982577
5854323
-10659886
2091611
4259806
-11124334
5700519
11404932
-10183393
3162130
-3416652
1564250
1540894
-4652982
-7303044
-3098872
11457081
-4859111
-6950463
10400997
10044857
2373670
4614772
-6618189
-2347914
-5886562
623143
6008463
-1483740
-5128754
5831168
-11067195
8843953
-9672288
-10418436
6803938
853984
-11732551
374571
-6115922
-8473895
4663146
2627256
-9191747
-2890524
3268000
-8540268
-5709929
-11920020
4184330
-5068598
10819812
2200319
-765556
12377994
-6005583
10599819
10702529
10707556
-13045481
12004565
8773237
5235998
-1266016
2537310
6755083
-1903232
6534859
9003899
751501
10959465
1981724
-7604879
1473180
-900022
47061
-5017625
1520730
3766678
7936968
1904728
6942372
6142726
-2661425
-4998412
4434314
-11381476
-8710555
614975
-678220
2059149
3331553
5834616
-9979208
-4663727
-2457271
13255976
-185889
-6261410
8405037
-9531488
-11472859
8202678
5007997
-2109779
4763631
-794326
12853369
9642813
12008214
9410758
8119326
7895279
-12811725
-2560011
2551529
-6303761
5743547
11054132
-4709305
12117423
1904814
-11467609
12697677
-3659912
-2803567
10170927
8475864
10087763
8664244
4316794
-7807133
-2396214
2659231
-9366637
-7375761
4778289
12582222
-4283681
12396660
3488995
11923467
527467
-641351
10524484
-12671587
-9778427
-6071987
-3506856
2092266
11689600
4616998
3497667
-1420823
5420409
5395676
8678572
10220446
-12005970
13194117
-12202727
-12633650
-13134656
6458251
-12878176
-13543505
12882316
11344781
-10224447
-984291
4666404
-6113860
-9708798
8284799
-7967619
12139192
5534170
-6614337
77634
469751
2178758
-708509
-3674450
-6293448
-9571827
1267106
5956601
-1655810
-11671507
-1043781
-9710847
-13062386
12507113
3216309
7718288
-1241214
-6661684
-5598190
9381033
-7933670
9215198
1150140
-5955647
13013741
4436766
-11773542
-8791074
-11093250
12441977
-11307710
6548626
10414821
-8674297
4636460
-8693150
7445357
-8357705
7545406
3393267
-6115745
-12654903
-4209186
-6993265
-13357584
-5687336
-6714975
6563209
12579587
-4773180
-10236990
7525552
5680149
-12227864
-3138746
11518472
2430455
-9596116
-6306655
-8356766
11482927
13640192
-13512418
-5711427
-10461655
4877604
6110448
-2496923
-13958606
5524848
-9348657
997681
6448069
-4092591
-3709496
12497645
-9450166
-3328829
6401362
-4860564
3430857
7997156
-8457531
-13153498
-10410509
-8162211
-1302348
10526109
-2420965
14070206
-8434473
6203059
-1335079
-10803864
9474541
-393342
-6342852
-7905997
-10160752
9714265
6837811
-13899426
-12069578
-8496427
-561306
8975880
-11144957
6619311
7351577
10958022
11442408
5444244
-10550694
3473729
8882687
-573865
-13526019
6531557
-9329368
-10156685
-12836112
-4331059
-5142022
1865958
-3722367
-1503629
-4531256
-3725336
-8365858
-10202820
11212654
-11720797
-6000099
-10105989
-7983631
8925501
9383587
14290841
9491012
11640022
-4722168
11843334
1510244
7967382
-788477
808719
-8686881
-12202670
7773875
-4030637
-11938470
333037
-13374719
9415071
-5405039
5996242
3946642
-10845750
-8167584
-7412023
-10307019
-9767386
-9494466
-1609244
-4976527
6966650
6415074
5434640
8573760
9638138
-7354028
-5737117
2948864
-13257355
-5064064
-8286844
3308792
-8708942
13913884
13843353
1684392
-970098
1111593
-620615
2453888
6240067
-11047152
-1871760
-12152122
-7612381
11739168
-6704726
4501320
-11186423
-13657798
-2935320
-11857152
-9699078
-9366139
8699763
-7944937
-1456388
1958639
-7398207
8105683
-2085741
-12910537
-12955196
5778475
-2623478
2350256
-526056
1202699
-21066
13906867
5131303
14259970
1777980
12657662
-5330824
5184986
8947271
-12986445
-11809751
2744582
6940886
10863095
9531339
1060902
5297777
-7601109
12588195
-6144310
12112238
2832218
12463862
14447166
1453443
656783
-5525759
-14398168
-4697798
5909706
-7323744
8419500
-1097301
12988431
-9132587
14597350
-14134562
1238672
-922971
1560150
-11778861
6265429
13021584
11192088
10149684
10872876
13904121
-5459772
-2957010
6553469
-6289491
3476448
-3761089
7536576
5526435
-7078971
-13381165
-14990780
3298168
-402986
-9294096
-3356945
-1008990
3971794
-5931479
1793152
-12223583
-10286986
-5995455
-2803959
7082885
-9807901
2055439
-8682228
-4220320
9061661
1166596
-9888825
-8633005
5883966
3331063
-11148925
3512802
1238760
-3045475
-12446630
-1680792
-5631613
-11191534
6237839
-164662
-353710
-5234252
-9615143
-6774138
-14204425
11776996
2680622
-4719990
13548890
-405755
-13367353
-10862718
2270676
-10105629
-8487550
-13656939
-784796
5111350
-9887992
7239128
3163421
13024795
10614366
4491081
11803883
8127335
14353110
2160482
12752758
-6582917
-489548
-12502159
-6107562
-5382404
10301115
14909259
-7329678
8739047
8525173
9732797
-9818101
6904303
439275
6765529
8771280
-5925280
4255252
14729560
6117821
13036157
-12770433
6208190
12710004
-6214567
10022499
4809110
-10415776
11536634
-3125496
7520728
4786831
14236213
10728745
477878
6970580
-14643998
11987674
-4912119
6758956
5606475
7418412
-11084916
-10871933
-14201885
-8431534
-7781919
-5296707
6464322
-6711735
-8109497
-9275767
-8726045
-5677132
11109262
-7072740
-7566607
3770518
3023867
-14870043
-491680
-15544264
-4696913
8686142
12380013
-2414731
12003142
4557433
-8089525
-4258373
5880737
-13382269
-15194040
10501766
-3632259
15324324
-5516665
-73433
-13711493
-360183
9139980
13641315
-10853925
14315613
-5183559
-15487277
10169839
-11650013
9727118
5027885
-9153163
6199434
4816437
2276781
2795721
-693848
-5396550
-285349
15139190
-12356075
9484588
-1978422
-12855564
-2079696
-13967937
-11042575
4272110
-8070343
-4827870
-11814387
3765004
-7231654
9786372
13148706
1022221
-2922279
6093632
12117200
15353229
15622671
9206986
4387559
-1130407
2628002
7827496
12285828
-12077653
571043
-4252748
10445273
7164047
1737490
876000
-13173666
-4368262
8293631
14044691
-11131613
-3023979
14693588
-5877307
12114019
885507
6199871
-8592070
11896590
-14682811
2948108
10296515
15055939
-12907766
-6631956
1869745
-2949109
11481100
-14204036
7514213
8293862
15444545
-15508856
-2426222
5712705
-6714956
1511281
-1276183
6378484
-8272272
8037167
-4776094
-9417955
6539867
10734543
13559966
-11768652
-13331881
10450242
987288
1550142
6117593
8921283
5469284
-6717085
-8333229
13115870
11205344
2611837
13626033
14317195
8126166
-3917233
-15375350
-5756791
-14650600
12391660
10087720
4071820
15887105
5495760
-12997776
4014927
-15412128
11237925
-9140631
-4378462
-1841267
-14356803
2521585
13145755
7931573
4503472
-2550088
-14146726
227428
15793249
-6705485
14582688
-15480676
2059732
-6244260
-5818634
-2808546
8574705
30369
10480038
75298
12039355
-5742880
2837989
-8093736
9996069
-9493564
15778745
8575427
7074681
4517180
-2428159
14141645
-11678220
-13897442
-7797940
-2059665
1803151
6702342
15363461
-9945044
-12877189
-15983220
3964564
3488411
12013352
-3617819
-3848078
-15428871
-2025496
16217804
9098220
11097633
-4002931
-15641823
-16461912
-1679339
-5624904
-1698851
-14917939
8023014
14812310
-15730078
-2448874
-224738
12648406
8206207
-11994258
-7774398
-4665099
-8443730
6507851
-114117
-12447492
-5504914
-2597550
-14462739
-2427578
-9264460
-16106735
3622789
-5783449
13769318
15876811
11632566
13151741
-11784154
-425160
5816271
14241556
-7989702
-4631170
-9758760
-10398381
7823267
16701979
11973128
-15293762
15227501
8211800
16464758
-57904
12398249
9420108
-13631383
4711619
10468844
10313206
-8372509
-7478980
-2483723
10447630
7115300
-207759
-6288679
-16130163
-6407866
-14719057
4914793
5236166
-8423950
-7551229
-1685409
12585759
-12371883
12336957
-8267213
-10142837
13968982
14151705
3598552
-15968176
4706384
3805278
7902864
-7238844
-15606778
16826951
8994110
13297707
-16518096
-12203705
3522816
-9045075
2479083
-14722312
5620771
13325187
5571425
11033698
16509896
-4738552
6863451
-7296189
-1804738
-6368507
-14577433
-11559758
4710509
14278637
-6782876
7539932
-1869398
-15189937
2194376
11723234
7255140
-9956511
-15965418
4396736
11830221
-6215235
-546525
-4803087
9691313
-6332406
13324896
-15283823
-8598524
5332571
-13598755
-9701321
-9395858
8710119
-13802219
-14551623
14946784
15612333
-8073691
15310404
10674891
-8262531
8024738
-17068911
-5671119
-14398498
-4680440
-15573004
12852937
-3727257
5697957
16811847
15439797
5037438
4734595
8999685
-10950789
-16205547
14412609
-1314662
-14581370
-7001851
14631840
1403718
8284113
-2630135
10460413
10511109
14526343
-12035469
11743255
-14793439
-12613271
9966344
-9533602
5182554
88018
-11638988
-6013812
-8012511
12189825
13202286
-3141342
-13217442
-16812077
13465617
10792897
3611454
6165398
-14919511
9266280
-5277370
-4923697
-2862955
14920523
16248227
2232863
7661141
9962986
-16303934
8646680
6005769
-16070119
6522016
-17594938
-12556615
-7613519
6346291
5945069
-16633661
11639042
7016444
4508629
-4934330
-56776
1109063
16282260
-16846087
-15399044
8753030
-14000861
6536148
-17389115
12386829
-15130820
6236376
-16279329
15059201
6620739
-11504532
-4332732
14392508
-4927186
16303339
-5757207
-13372414
-985826
-8602275
-7591057
-3511146
10866405
-11763800
-15166090
2691642
9058587
13049865
13804541
-5756309
7927324
-8347461
5649279
9558545
-12608693
2272534
13592291
-17044484
-7870282
5898502
-1519660
6481052
2081146
-15432447
-5634559
-5456501
15834805
15900585
2728593
11039768
-4644486
16327821
14245179
10315154
-3312937
12359834
3934678
-4488147
4781936
16610438
-17760335
16211465
8636843
16456071
11641288
-13100633
-4164811
-16199581
15442135
-4612651
3863450
1601756
-3437080
-10804005
13666945
-4951663
-8201687
14523002
-3706047
4191426
8389473
-10074658
-16110886
-8252225
3827939
8437571
17190502
-14588690
-8895970
4392896
12306091
7184820
4503234
-5008635
13274151
14975736
-4911406
12505488
7539672
3973142
-15541534
2524990
-9109846
11555281
-7246408
1810248
5445108
15984285
-15646774
-14522165
8168000
-13521888
-2052876
-15110557
-14512447
13276059
12532023
7883323
-12545442
7811240
14245332
-1184990
-14119179
13621664
-4510445
-11207867
-7566411
-9283524
-1966055
-13689630
-6856922
2364956
-2499209
9529119
-16146172
16602568
-13238155
-4520555
-12401958
-1412343
16532759
12926175
-9349774
12033629
8109128
-17700115
3676887
-1315192
18184556
-7916861
-17692943
5019598
9697998
17083450
-8859651
2103530
16267964
-192782
-14427323
-11734287
1388847
-13130789
4595032
17886557
3762402
1753019
-9884871
-13579663
1953987
10951794
-5305429
-7959002
5079125
10602750
-17822905
-11444977
4723019
-996722
13722697
6233626
-5454517
-14688441
-967425
18095004
6095086
2534883
-17296587
11566153
13705825
-1724175
13675313
6480559
-6007045
-14244872
-5772647
-8936636
17939696
842339
-11291429
12560985
12897123
16228960
13187628
-7927011
-8750010
-3733189
12949662
-10733217
-15838777
-9014474
-6677093
5189597
12276857
14619071
-15341600
-12441888
-350878
-10683588
-7964703
5331214
-7330532
7792939
12337461
8799469
-3725440
5164953
234356
16202999
-15847342
-3239773
-17349466
-7968901
11527472
-10293963
-11943675
-8895810
-15421384
17594264
10339666
-15509591
16773422
-1372460
11797220
12050820
16449760
-7018138
-8689894
-9643577
-13779485
1195135
-16329116
12128480
-17082335
-16101096
-16337741
11798593
-9390832
5391312
414150
1663326
-753790
6758446
-18485489
3543604
-11476768
15620664
-2480644
-9036456
11511702
-274468
-3520489
-7655039
-1890188
-16112770
-17463142
-18775292
11126648
-10473504
14961600
6730896
17642396
11096916
1780113
8632197
-15215382
14924837
-16094706
943698
-4561411
10755887
9469747
16189110
9997380
17741651
16990490
14649448
-6996652
5155255
-8422057
389339
11380861
-17542580
13910817
-4493590
66387
-4333591
-5477132
18568904
-6642330
884250
-16027582
14242879
-6566228
-6602058
5264940
-15827664
-134282
14448118
6283188
-6560962
12445853
-4898998
-1484947
1586194
14664195
12942294
3186724
4954422
-15221051
7637591
-16564547
2243179
18787501
12965151
-13751322
15531620
17239927
2315412
3679461
-6777440
-10617994
-10750158
18532024
16091518
12662769
10718632
16801025
2016289
2396123
18750017
11720976
16485714
-2768209
14111414
15855206
-2769897
-13507183
4358174
14072353
-520059
-2874851
-15710070
-16301182
542826
-16469004
972917
-7600451
1546310
-10103802
14008765
-7071125
-4225365
-6439291
-12752457
-11887546
-14302255
18378610
17550892
16575715
5501712
1865165
18605944
-973552
1492347
-7556803
5770733
-13131357
-12911508
7415689
3058205
-906914
2842279
-2246298
-3501633
-18109254
-10279534
457716
-765845
-12872078
-8326211
11849415
-13111684
6569486
-10630002
-18016943
-2806366
16034992
-4547583
14501747
-17731295
1152691
-14397988
4213814
-8204358
19587536
-17923082
-5202428
18903962
16421075
2819636
-18673582
4537941
-15118968
-15443483
4408895
-16438103
-7386407
-17468415
18537332
9207679
-12463765
-9014533
-6693334
-3036202
-16783898
2923654
-3976565
3448085
9463536
13489241
-16142155
-6135043
863289
-4209605
-984770
-10264327
-10243681
-9957023
-4298675
-6494599
15369208
-12820895
-12416965
10808243
-6162208
6438070
-3760559
-2095300
3242813
19407088
-7385708
10901398
-10437254
10457876
19539419
1319690
15995717
-3593687
-7489177
7679539
10131166
4720563
3943740
15860923
19893894
4944503
12517352
-12315543
-16701842
15537993
16648579
15924407
-18101823
16895634
-11016609
-8389112
2005246
-3252231
-2996696
6001824
18543358
11631725
16284946
4558898
-14329696
15255376
15054842
-19897402
-10034702
-6314586
-12851653
-3050373
-16372056
-17817608
-5129394
17796708
15216142
-4539857
12465524
-2243025
-10626379
-7560747
7661660
13352931
-11491733
-3744029
16261308
13262363
-14623994
5720486
15986321
-10975180
-8355272
-16832201
-16176805
6022416
-19107084
19146409
-391204
16036890
19104732
-10434521
1976834
-7702817
9656221
9475238
15427242
1248577
1253493
-4346543
6670864
-695232
10192400
-7023641
17313031
2902471
17279359
-4518815
-7656128
-8403452
-12965134
-3771729
-13747056
5210471
-10155641
9667918
5883220
16447043
-1913724
-17497119
-10976732
-7703928
-16667909
-8996380
-10368982
8098125
-8673098
-13329259
-4002363
673212
7551917
14155618
8558684
16714556
15658144
-6949207
17731656
12916836
4726351
-4582426
3862995
16352739
19311730
8735758
16532096
17453959
-15148470
-6759078
-15827833
14900814
-6220747
-16108465
15162677
-13219937
-16857964
15211545
-7108590
-5130159
-147900
-10268863
-19793211
8777723
-16637017
7287586
17142958
7534784
-5990910
18530634
-13903426
10561661
-1012450
5242833
7360642
-5849107
13083159
11008063
7492919
6570202
-9240059
-3915312
-6913915
-9741751
-5342860
16000055
-12055180
1405510
-4212842
-19189021
7310919
-12073346
3558647
-3581013
2954332
-19758340
16581470
17413645
-7636273
-7624797
14439533
-4111866
-12156171
-14481903
-9698300
-6955790
3846831
6569529
-7900139
3670400
12083704
18700514
19464037
-12114609
-486575
-11967068
-15795316
-7122584
-4711969
20964723
-2149484
-1202144
20786187
11231582
15171784
14539724
7099368
-12504912
-4862237
5229244
15932539
-9941378
405235
4687415
-11964448
-813004
20883106
-4317637
-15525786
17051028
4305765
-15977337
-14372897
-5714332
-10500326
-21034412
10139322
15294260
15004184
-721812
11633731
-1768249
3557840
910969
-19321829
11217655
-16830344
13639181
-17640301
6998758
18551568
17616856
-6753978
9806478
3015630
-11497395
8954984
912782
-13877352
-2778319
-13783858
13516114
-6571022
-17182276
-5384878
10072122
-5808960
7468661
4695048
-15627268
513768
16944613
-3154526
15387648
20983415
12083682
19757051
15506488
-6621268
9458720
7879760
9622811
21230294
20704743
-13270382
-18057232
-5675998
-9190389
-18862498
4717546
17823355
-14606841
16198760
-21381188
6432777
-16077297
344236
535525
7959519
16660453
16216972
-20711945
-6848826
-7671764
1142904
-3171689
12826165
-19996119
-12599478
-19984552
10991907
-3754106
-9449468
18965795
-7524465
-3108037
-5652261
18818698
15956951
-15040683
16132047
-10465350
-1964691
17703447
7034506
-18135697
-12407530
14700147
-1540169
-5135739
-1578169
1070038
7546943
-14795434
-13779473
17849313
-11640214
-19689493
10915370
5135983
13715245
12058053
-5431565
14094739
-13966233
-1700377
8340537
8537246
14730678
10490344
6231650
-4448508
-15423800
-1070671
-20336333
7685501
14908779
-21331801
-17156703
5068249
-8286833
10634413
-11684036
-18556499
13865131
-16917692
-17930172
16450243
-18415408
18235410
13582993
3058198
3783003
-6252110
-13611121
-4384563
-20907567
-10416783
422451
-7953192
9702412
17645781
-17701018
9884642
21039562
3833150
14232345
-3767306
7586625
-9586035
13560084
-830102
-19616239
-10934854
8029887
9880756
-12928262
-10141120
21463359
19552162
-1167457
134851
6486252
8975345
9662441
8779719
-12354028
-11637286
499745
12513616
8965855
350202
-9867210
-10097561
12736419
-20635424
20406032
-3605195
9413167
20833029
12047071
11715213
11919663
1369303
-15098102
-20619108
-20445073
-16408489
-4450693
-9035050
-9483866
-4995820
-20497920
-15849298
-18425011
3829032
-18843667
9405876
90474
14400695
-21389163
-8895358
16938790
2011348
17239017
16612801
-13385859
-1412621
15075324
14360946
-5223732
-5631709
-16280304
19290312
20832874
-21762315
-6510128
-7813821
-18144777
-5892115
-15933350
-17067332
2595261
173661
-2120728
4081000
-8309552
-17728853
13219796
-9303960
9845853
-16047793
-12714647
7881428
2500486
-8636097
15771125
14589301
-7065304
-14333393
-14437937
9380465
6122301
16113140
13637715
16721861
20950732
5553241
-10061127
-18076562
-6516070
-6387509
5624862
4947645
15484821
-12385112
11280589
11293724
-10273779
-15985581
-20390544
-11507511
-2356407
5529102
-14789893
-7684188
6170939
-18639065
4045395
-474925
14594363
3769488
-7517171
-16593184
-16432122
-13913092
-10421838
-17005493
-9764816
-6803287
-17470201
-12529758
-17838881
22504626
-5662815
-16151560
15229307
-20719332
8265270
-7852941
6915038
-7793537
8208166
-19061690
-5699315
-13092840
21118901
-1813048
107633
8248176
20627949
13123018
-7988222
21605546
20892045
2275004
-4853252
-16001237
-10104898
7650378
-2943892
-7812469
1725317
-18822575
-21589890
-16085926
9560632
22574421
2364514
-15566616
2651536
-20818792
-6993414
-4947404
-21375507
-10798363
-17376130
15341178
-22389916
-8115393
-11227547
-13911287
-2620549
-22197093
18420020
14744241
7476388
18850365
-10406185
-6869075
17694179
20002999
-17665631
-3574107
-20426645
8902675
-4185721
-2645130
-7810000
7013428
-2096843
4017734
8670692
-4624991
-21994201
-10331878
-236032
-8185521
-15797216
-8353448
6534277
-15774961
-15238438
29329
15498758
9218507
-18254309
-8015935
22598350
-20961071
12129370
-3092608
-22079080
-2729923
3651596
13233647
5502260
-5334015
823307
3112404
12826265
12190850
4011048
14028926
-19996641
11879672
-10193612
-17594611
16456148
14429260
14558421
-21452782
-6184074
-8242736
4396532
12749109
17063640
-17885196
16037456
9628490
22430122
-17409465
10357786
-4553309
714346
-5324017
-9111682
-19757935
15451824
-14730813
-9530309
-4991911
-1806758
5634234
418361
3777957
-3816627
-9185010
-21502174
1176410
3006827
-2838700
-19649579
6637162
-21862040
16989485
-9690949
21775392
21136825
14972219
560397
10413564
16878490
-21219288
4081848
13299831
22437984
4427207
-16026691
14821159
-6095507
-8218623
-16997986
12145964
-7806935
5895448
11198393
-19626978
-12618485
-2819224
3932668
15086990
-20583442
17382764
-16840759
1374935
-6421669
-18838636
-7983935
21900967
5752365
-14307228
-21697606
-19118550
-12503395
-12761260
11282866
16959128
1271991
6933412
-16642962
5955124
3696559
-22463160
21819631
18666256
-11483044
17436776
19880903
13473431
9830792
-4192408
-73040
12199860
1519383
17628932
6867773
-10268279
4124456
14701364
-12234580
21584045
885869
-13898783
3854065
4743598
14974406
8112904
22190111
16789589
-23146531
5381408
-13080402
4926512
22462626
-6287248
20431061
4547835
-20776491
6457556
14975163
-12692183
-3991848
-21199050
-4139288
18363557
-15909286
20401603
-903172
3066656
-12326144
-8808048
18616930
10175052
-15441849
20078595
-9216054
-12101687
12645053
-20143755
-17512865
14926563
17246477
19643154
13390065
-17603306
-21435813
21912538
-16925786
2901563
-1989453
18305968
-15723257
6730074
7370706
3331367
16910945
8707425
6917140
-23583600
-2356196
-7833161
-5619357
-6798674
23862549
-12390069
-19024177
-17118975
-8445449
-17670445
13113837
-23488258
-18043225
-16305981
-10630090
-5982217
6864528
-22777418
-21518402
1168170
2438353
18870265
-1205237
17127990
19285964
-6112963
2219306
-9860442
-21989384
-1689229
7001750
8996247
-5419032
-6278455
-5767966
21464781
-13984979
23503729
18843254
12453690
12423676
16735802
-11979237
-22461196
-18079284
16330784
18021313
1131991
-3921327
15247331
8342547
-3700694
8760969
8776138
3174317
2632087
-4716832
-10465797
23879747
4678181
-21627864
22650307
-23758512
-2761776
-7034893
-20469309
123058
3692476
-19380598
1512024
-20096263
3574351
-20238653
-15987638
-7289163
-17789022
-20587263
16741539
-11348075
-21055080
13708841
6083494
8729674
8356398
19333767
-18381601
-17014423
23968925
913353
8018927
14187128
-18557567
-17205799
-2264058
6067677
23174383
5871293
16742095
-23126435
-21109182
-11179874
-3086780
-13785966
-22937210
-14695964
-15722545
-1605942
-8002880
11966758
-21916376
9644491
23863063
-1325607
-10507159
-5025949
-7756633
-2710151
-2218887
4984213
-16722658
6306829
-1543947
14364467
17007118
5006047
-24424305
-24152909
-4990711
-23678769
17526619
14917294
24066296
12753310
-7650856
-16667919
16784077
4128007
-1133579
-8767472
20305300
-2961400
-19267842
-4555232
12267252
-10023607
18949076
11291692
6823108
-2414661
-10419087
23978935
8442681
-2682082
23339251
-10779918
13692773
-21237021
14528155
-7858177
-18432795
1320514
-17495766
8381024
-16986856
23426675
-22038195
-19531559
-4204344
-16118964
10082570
-16256797
-5422857
-6965016
4924242
-797700
-5855545
3824577
2134354
-18792019
12542135
-17382725
-378759
-14162988
12228843
20062550
-23256900
-16134262
12278292
-19397521
4744046
12660436
12366403
-8067981
-17609004
3609697
-12704854
-1343521
-23741504
19048760
-3184270
4495417
-21476292
20099780
-13869976
-9226458
11111107
-11881590
-1028707
-1216185
11261648
22100185
14413151
798797
3182590
19826717
-14774404
-24142651
-10540148
5598139
4204841
17204201
-21922187
-19701891
2247479
9471865
24873976
12376309
-10327426
-13292904
12223558
20602111
5351524
-988303
-24606454
11197504
-22670925
-1123952
1780088
14004556
22408541
401446
1779822
10259635
399877
-1632642
-70260
-19869022
-9956424
-23488561
17066927
-20075554
-23564930
-17506854
23574292
-15377641
-23369383
12240430
9970070
15062872
21060169
8565714
23038767
-10163694
4786820
-6092252
-12055990
-12769980
-99905
12956050
22549927
19495023
-2554395
-2754164
11566776
-22063008
-9010553
-9961902
18777503
8460180
-12898517
24162240
16575011
-22413688
-11704049
-3501354
-7444476
-22817818
-13766000
23378993
10304060
-12762922
-24681822
-20148269
-7036077
-23802235
-2103170
15548282
-8095022
19976331
-9812237
-5090808
-5083345
224216
18294369
13628472
19221943
11171469
-19902646
-23038885
-9186164
-19640815
17559948
14384995
-19059392
-18505798
-21140592
-15347319
-5893958
-8846612
-2244864
8884820
16770177
5525300
-3847858
15024840
-10758667
2179776
23303682
634081
-16814750
-6833274
-23542640
2422020
-24562456
1365338
13871974
-1750394
-1546913
4400636
21216483
-367456
-12507038
-22686155
6475914
23646093
11986055
6383752
-561707
-2154868
-20567784
2345502
-2567618
-786387
806668
-7861115
20053101
-23298750
13708691
20253169
-6005164
23703468
-19815500
-3860514
10486593
15750724
-2910532
3728735
7144087
6034126
18321071
6536567
-25255854
-9860287
11356697
4530668
11151330
-2722400
14230546
-9527078
14755470
-370083
20528317
15884085
-23332160
-386184
-3534426
-18400827
10857261
756994
-10681808
12052350
-21831610
6885125
-13174110
11902707
-17776841
7640485
6879049
-21613368
-16280705
-4369611
-14587654
-25135853
-16021030
18509298
15557161
11803463
-11135006
-22530503
15264211
15388426
-21201476
-16734540
388675
-60249
-9456887
-1564330
19986981
22016189
18734647
-12464667
24032880
23013907
-21051782
-1384264
-12445067
24372632
-7646709
-21870129
11958972
15663477
18865542
17131394
-8753880
-25066825
-7031427
16358996
4250663
15010928
6695913
5662900
-23081099
-19660123
5732066
-24543251
-13937755
723818
-8655255
-17994744
-11898576
10417866
7968178
-1104926
-14151470
-13104866
-26056272
17797202
13862284
10946248
8239110
10561227
16094942
-12889609
-5086009
-11920507
10090194
1077387
13325632
19290208
20378990
20872544
-9420533
21967234
-16140814
19536679
-5728576
26268143
15574513
14798773
-23467636
-7280530
-23882501
-19787578
-6859425
-1950105
-15926743
14108263
-14859506
15261910
-8898965
6527069
9130419
-3541955
-24793968
21766401
1743574
-21854448
-14385772
17755304
25405028
-9724148
24609533
-4726814
-6559738
1456437
-2203470
-17965200
22544781
-9367932
-19857300
14528179
-16320794
-1886047
-6891261
12844623
6479381
-12642650
-12009568
14436293
15848833
-245798
-9430798
12975918
-11454379
-12082840
4828213
20782811
3280741
23035822
-24222395
-20691271
-5782030
5122213
-19414116
9277455
-3111015
-6811938
-25390447
-5214103
-22387602
-1090728
15590539
-26161540
-7409703
12816156
-12010446
-1120640
-17670159
9232938
24421216
-18283452
-9529878
-10252777
8637886
-16880581
-1470590
356816
-4759367
-3493508
-11857889
21085432
1126679
24100635
-10689815
9916478
13162700
-10495634
-15725666
-13600335
11613761
21986111
-9646872
6347941
18770077
-15136262
22331750
21421882
-16398507
-3179689
-3114506
-23796945
7520072
-16427031
7930038
-8663454
-16752273
-23818504
-10614885
19720340
5851208
-20701141
-17845259
19484475
-6676495
-2330734
-5773454
6375719
-22438683
11891193
1767914
-15858368
-813837
13511027
-7888384
8342360
3317121
2281013
25980621
-9682635
-21961310
15584845
-7378910
21129327
-18284770
-23478684
-17181787
10998474
-12069650
26043979
1707831
3910088
16250528
-15464853
24938179
19786159
-1674786
7975142
-111043
-16976980
12513869
8568384
83030
-24984988
-9543717
21666190
-25739376
-3278708
-4796277
16888061
-12315425
-15320737
4281409
-22012029
-2198416
23905369
3169042
-6960738
2922998
26995585
-16867502
-2330403
-24421898
-2993943
10861363
10533721
12127957
21605339
-21426006
-3427383
-22450014
-8878568
2581249
22506255
-21695653
-7609297
-19982953
-1543301
-10127250
13228722
15853374
-4153532
6267102
-8131206
12118264
-2936068
8076898
7972942
-20659298
8486777
7189497
-14156781
18825633
1629344
606256
24610729
19910998
19301011
17644810
-7372848
21367327
-21404846
-6330105
-566789
-16760724
13591585
-20233733
-17072500
-9387193
-2990419
-23290009
16580764
15479369
-12111701
-14419276
5954194
14281293
11006102
22477812
1525694
1389201
6769454
-11938310
4659100
11442946
-1497078
-14787032
-16232482
-18890159
-13475549
25815661
14931797
13181261
-25343912
1981554
-9238006
-14899996
-15358270
7025055
-21171301
26934686
-5737022
6357710
-20175537
1705165
-321102
8949615
-12746288
-5405195
-10331647
-23750465
19873348
16876223
2597565
-8076579
8831856
922407
-4527271
-9265899
-23934278
-7858396
15572122
-18393669
21038555
26134025
6932573
24283177
-8120285
-22449707
-22836282
-368659
19567787
-21674712
8954136
5191811
18458436
-18971405
24296504
-14098293
22889635
3729594
24508119
-11848687
25688952
-7398765
21486322
-7233077
11749834
-4674910
-9167942
11165907
18541760
-18049571
12977568
17092064
5510140
-16408325
-25506955
-15054364
-399527
21699146
-8898845
-27758948
11971413
-26192646
-26811726
-24259434
-9276763
-20218169
20216169
25364360
-12385733
-18138573
-11407551
-14726923
-14557939
-8964238
-9059755
6733041
22848262
3171418
-1400955
-19424204
-14074125
26653311
26939339
-9261780
2157347
1999345
25383062
8215910
-4822629
27137115
-19342167
-24796246
17838216
-16662881
17415225
-27675688
7840067
-20147902
-5928951
20132977
-4024226
-18443445
-2270908
21825527
-3837505
10475840
-5280768
-27630502
24243644
4114762
-11211724
13571583
-8020354
18364943
-4179868
-15091591
-28118020
5871465
-4074339
-1829378
13282203
-15691880
25015852
21405641
-22955156
24470187
-11743397
20067581
-11061712
10438487
-14047617
16350376
1842190
-26761248
103655
-2719228
-6520853
-4348081
16336719
-9839072
-11761735
4159685
1477878
23095239
23494286
25375662
5611553
11785933
-23924486
-25426419
-10017905
-4230813
12487648
-1698366
25742049
3332324
1704090
-13886811
2846575
-515754
-22251465
-20997222
-6862979
22219330
21488268
-7106845
-20914123
-19412355
-22835944
9194954
21409935
-26559174
-8334297
-15058093
3088725
-16632362
-11653010
-21689741
14327217
-20412349
26761750
6820581
16313242
6507193
15162453
27652698
5290757
-15946968
3064424
-12885469
10069582
-26922171
9878939
-24998519
-5059032
7070973
26098394
15224055
24029071
-25574655
3655117
11478068
-14436241
12364538
2268520
26008994
-16946992
-16881515
21491834
13754096
27476411
-10505052
11422160
-5568433
-8071308
-8383450
24547405
16299628
25853236
-26010539
1216895
-14060328
12339814
-11253006
-13444845
17522938
-11826604
18131472
-16581575
-8026356
-4107688
9674776
-4745738
22529436
15478408
26988972
15936651
-7627786
6967388
-1647
-2531313
25559226
-6350478
-24996756
-7028611
25982285
-8172283
-12833457
20747591
-8910661
28123583
16887910
4553601
-20872485
-3270723
14856847
-28122855
-3115393
12823979
24941166
9246012
21774527
24430024
2759380
-24257764
9376506
20703757
-12753399
13869622
23945670
-18096019
22456894
26753130
-19345124
23007347
21359199
-10976617
-17636949
15588429
8917387
-13587714
-599858
12878205
-17720443
28675809
23059736
6547931
-1294885
26341889
-21850324
6480950
16708649
14758802
-5238547
11280772
-27000613
-1387509
-28732268
-2052767
1292582
14709736
4227695
25091338
-25600846
5608391
-10026732
2610304
-17635427
-15990558
-26499651
15091199
-27712212
-27149355
14261050
-8867923
18416748
1059884
5638755
22176986
1824075
25632535
16204206
-7382694
-13848817
-15992846
-21358339
-3704362
-21440383
6506293
-19918834
-23820185
9125654
-8071507
-8916236
-2138373
17386410
-26072867
-27504002
-10770344
-2805701
-1340046
12914660
11365697
-12443540
-18261303
-27633233
16492199
12002717
-19003205
-23197728
-15145925
-10080696
-1952811
-23694870
22606756
-16761374
-28193775
22149524
-10032203
-8384609
-24332115
18005982
22139926
-27339933
-14600280
-1338220
-26283739
-4618641
14767865
-24709540
-4096568
-16588056
15942593
-1634568
22929589
-13340152
-1399351
-19173116
-12374344
9044810
-5087708
3481716
-17659744
22071351
-27285077
2632370
11059235
27168083
21830484
5554310
-29268777
17567030
-4557044
-23699282
8751885
-13904312
-10022077
-21455954
8107003
-14087859
15541652
20060646
21989763
20854566
-26351934
-15018367
-11009970
25147967
-16357300
-11560730
7403379
-10792020
-9236857
15157106
-24601561
-5120971
-20592494
976573
-13579596
-20351893
12707206
12557033
26263713
-22457254
13484776
10601897
-9473593
22110661
19120547
22193376
-25845653
-27384521
-24330294
-7044852
25767598
10285299
-29290535
9483396
-27977637
13778559
-22180357
29523935
3071368
-25513893
-4974440
-25625471
1005517
25750246
21717871
18348610
16699876
-28388830
29326770
-8413841
-26006692
14343573
8775580
-7159642
27092077
-22998507
-16339872
-4596979
9864504
-6554928
11513958
23396092
8049509
-7040659
-11446601
-16104826
2654130
24746406
20078533
-19339440
18653344
8026928
29310329
-27255779
24777095
-3322278
-5563171
-19672510
29279329
273028
4195822
-5637731
17720766
-16101459
-15625231
-21028248
-29052174
-7141535
-22405408
10191444
24475837
-3120621
-21115968
17949827
-17664931
24431423
-24633370
-11901679
-555744
24935798
6909740
24842412
10266383
2669890
15606833
-12682726
15055047
-24146448
-26418193
-1031961
9426323
30119238
-13678415
-3125310
-20719093
14084356
-14906616
1896508
-26043586
25214417
4114392
20324460
4984543
-10585967
7520249
3858070
-30071888
-23618183
9704494
-29901661
29937908
-28898186
2768632
22559829
-13233370
1199881
20562752
-1743942
24802039
-4668000
18674254
24722946
4658965
18231925
-13163342
5474106
20026181
14247062
-27675518
13056398
-24763095
16792103
-26992806
-6906949
-19292470
5091175
-28656671
29076039
-29119850
17514343
-17095664
8408928
-13930485
20677876
-27584193
-27765301
-29327733
22999678
9158103
12369182
2394822
-8668517
15342114
-5127966
-19429650
-17074038
-3447851
-25291967
-6512619
-27630822
-16570451
-11043191
18300536
-13017159
-23181973
2751534
11523634
-29481705
-25488117
-11509572
18172784
8168770
21573587
-24888067
19162999
23941723
-16365127
-24436533
25258264
24730464
6357836
-17627514
-18200689
-12806404
-11610879
-30138361
-1943601
1369650
-3861298
-20897526
7974868
-16478953
-4535456
-27746909
-17207602
-28261080
8924079
-10534439
-24399465
14490760
-5206884
-29292337
22103581
-4819878
-11810989
-30602290
-23734211
4419916
27641170
2875820
10101781
7003496
1579836
-15903698
26537290
-1044160
-904603
13939910
17284319
-15770665
-15727729
-2448100
-21078496
10530419
30710601
-27275848
-26093712
-27646301
28540601
-15035975
-20431430
23275010
-30586287
25194509
15313683
13519992
7861755
-18148381
-14785170
17642494
-4892563
-1970035
-17795599
24226680
-12719254
-8993523
24946314
1982945
-22195303
4076907
9484820
1425053
416039
-22533603
-20335385
-10105937
11779863
-8792077
15893611
6833467
18592761
-17855526
-15846549
-15818282
5490120
27700210
-28716480
27320587
-2665155
3028523
10371406
6454659
-9753202
-2338023
25072584
20110119
16866838
16703654
-29378110
-28763606
-14391642
4848238
27899880
-6206378
-29380010
-30455913
30523218
19063821
-20024982
-3705537
-3230030
21118665
22651566
-23692231
10585476
15509564
29758611
14629187
-87208
11365070
-17039464
18550269
27213603
-23643357
13593275
-30147138
4862371
11333055
-25787786
-20589770
19782906
22782907
17045701
-21631964
-15274457
-6880133
25960548
-22429347
-10695360
29364350
-25063891
1376186
-21207066
-26816751
-23888897
8576061
-12365828
-13602135
-7723390
28013362
20141607
-15249369
-6135282
-4994388
-10603755
-7339408
20449265
20362318
-25441263
16493029
23992623
24878998
-2146415
-13189331
24928644
-29130986
-24821079
-4782715
23561398
27003821
11452537
18741542
9395268
-15427364
-12065067
-26610647
-26098448
-21729909
-15209088
-626456
-21635282
23843787
-14853021
8872379
-18692931
-21642955
10493109
-11894440
-25003414
-5471007
22441251
8103139
18675752
23368306
-4914946
23844671
13325195
26076587
21901909
19649459
26057440
-17065192
13143783
-27350524
-1150348
10354827
1619647
10550528
-5345088
6039364
-7600001
-13962704
-5919672
-30075909
-28399322
-11055276
6959186
11071535
-18126315
-18982523
-25570702
16097805
-5482210
1590991
-13128712
-29520463
16717831
-23493605
-10943142
-28093298
-19112816
13140928
5066527
2334357
-24368702
-2987718
-4980693
6773827
-4635394
-14507442
-7162807
6052626
-12591515
-17650781
1099156
-8149828
-16702520
-20692536
-7783693
-10499095
10710607
12137946
28346386
28457606
12581079
-15896134
6893798
23351002
1997407
-2757499
-17709535
14384884
-29214135
30972277
8814610
-12096113
30165604
-1591168
-26678696
27156501
-18589834
21406994
-10824800
9176235
30522039
15123459
5776695
-8331880
4385577
27135332
30165030
-22693746
22594933
-16589271
7293168
-28433541
-17057961
26585347
21610704
17047226
6443891
21383267
-1146918
-27564736
2381270
15664505
22204079
14110934
-7016487
738075
23499926
-12343693
-5174197
-28461808
3995691
-23235347
-20192147
-5492064
12889898
8287645
3686486
-24171997
-22512673
13695623
27621921
30887340
-11373336
2767539
-16312893
14275334
14307176
27603283
-2840593
-27039727
-18260269
-16704098
6594266
-8085556
-23820567
30636497
-15695644
16642930
-32124239
7619633
119361
12140053
24195571
25683945
-2822446
24605981
4012941
-27828848
19359739
-2064463
30105676
26013708
-14517092
-31183986
-9424939
-5168938
24191905
-5419490
-24834951
-22869124
2713322
-26237866
-31679872
7439568
5018932
-28886090
-23961078
25003041
29871589
29088224
29769850
25233073
-1004292
7546898
22081153
6090703
6525996
14369069
-20873884
-699498
28467017
-29060357
22137318
-885164
-17857066
20931826
19110661
23928994
19427855
18086525
10602441
7665889
12817222
-28624923
17461669
9383692
23282394
15018940
27069413
-25180239
-8273715
31773763
-32092165
15034463
31830278
-11885025
19361536
8074103
31971878
-3270168
24002018
-17508330
-24121865
-13919711
-20589350
28590158
-3799213
-31796301
-21798914
27543269
32619775
-636364
-4135762
-4912895
-19340991
-22196658
27191710
26751899
30770456
-2916680
-25946025
-22959637
-9481171
-25620991
-6061617
6853855
12773470
6174419
28015257
14327330
-19689508
-26707007
-3750383
136413
1855957
-13275217
28178354
-30981227
21424424
31856776
1311758
4963633
10003736
14038869
-4512278
-29111205
28733777
12835175
-24155591
-11139116
1471365
554424
19159796
-12473485
-16983655
-12655447
7988023
-20925780
16790569
-22300241
-29632519
12682903
31910320
21370337
-26119634
-24409324
-7126122
8328268
-24741792
-6463352
-11781620
-11155112
21830915
-27994532
5286683
30050793
-2494914
24459824
-58759
-17801266
15347941
-12133115
-28954356
5761904
21744942
-25539557
-18385284
24994891
-32215883
25405963
20654400
-15986892
-7237443
-3285624
-29667542
-21402440
-16055550
25365410
-27873069
7324538
-26694929
16259476
-19283421
30779772
-15446579
-13850690
21286054
22509080
31957765
21547086
21636834
22052648
7191670
32535314
-1293111
12140270
-1274242
27915053
-10057649
-22142368
-17205931
14777100
22103376
27934856
-19401126
-19108587
-12317850
22061836
21444498
-7137088
21016562
-14612601
-24896006
10582430
23754268
-14802294
14166009
10883246
-23841208
-28264350
-14209917
4397711
33268637
-19272364
19670653
-18287608
-19719832
26797696
18282469
-12018650
19916531
11236744
-30726579
-12100738
7791775
23810501
16050850
-1089349
30736102
-13668947
13295739
23491064
-6952747
-21156790
-31632548
24760007
-6562520
29308934
22484009
-32823056
4577603
-27562939
-30193497
-24385708
-15296863
-5276371
8726473
8191844
27145214
19301182
-33254922
-16141376
-30982416
23529679
20005644
-18637721
-30255180
-19963592
-13402318
6167545
-5322887
6846196
-22815669
-28146578
-18620046
25452023
4222513
9911498
1141157
12765044
23172856
-30750948
27345466
13579213
-11592789
-4119938
-32134428
-3086101
7396976
3106082
19801175
-19558788
-8415467
-13955557
-7898766
-23618548
-22062428
-20366010
12579831
-11459196
-15354849
7671186
23095454
20038889
-5771867
-3452653
9377455
-21304784
-8693289
19917499
-3960774
-19643344
-1501918
-24052669
-230548
3219825
9530569
23802090
-27056560
-27277279
22629655
19177610
-10897190
5556274
16135116
-6613425
3748767
-20805247
20611500
4875405
21804670
-696775
-15395046
6139046
23508061
-26200704
-31049710
13774793
27131439
25644022
-22955961
-28212848
33844534
-6329946
12173904
9197113
504116
16907981
18916473
14731157
-14612111
-13936212
19158975
27614565
14453124
-26997308
-13946536
29835071
-1563589
-12979096
-23295565
9209442
22417171
-33275552
3609039
11271159
-11987843
-28704798
29807187
16868728
26255445
-6067964
2095687
15276299
-12759088
-28373493
-18265240
-13641359
26489519
-33797600
-26209666
32613141
-13181282
-14637092
25597334
23403774
-11205514
29380140
-19482724
-11812581
-25617830
-7492248
3551813
1412548
15685278
12408145
-24591827
-17020229
23283106
29944395
23272792
-29589062
-5428811
-27309408
-26582486
29611388
-170547
32139576
5322338
34076561
-24701684
10821918
20215912
11983207
-4135497
26663660
-2758477
-1225463
26158845
-31453504
-17160672
-6310709
-29410894
-15910888
28880557
11027895
-22703913
-33320797
-28066543
-20256071
-19464784
-24639975
-31151310
24946201
-4960403
-9076344
6463015
-23607439
-27366691
1779770
-8888297
26426043
-18532339
7033387
-244851
-32643511
19740818
-25011586
25849107
19543738
-30394028
1534188
-12653861
6880400
19552026
23743617
4659471
-20726171
-34269836
19253125
8659011
-22910728
9217781
27046921
14650968
-22968504
23648145
11482394
11856452
-32918561
-22053747
15748347
33712186
22704811
-13683963
-30598678
-32780090
9610530
-33079315
-13584129
-17621657
-19204615
25041716
2913849
20825177
24912402
13703906
13737863
6816310
32999297
31742941
-9635679
-7352156
-17061917
-31216332
12398806
-29447718
26408322
3802248
5237141
4479122
15992494
-1093201
16365566
20319494
34598961
33245086
-29518440
-8838945
9609677
23994672
5076972
-9801996
-33388654
-13890440
17836517
-34211548
-25854563
8951741
31899664
-9470421
-32300678
-22903834
23727980
-9170438
-30493028
-21188938
30807116
-9223661
21597170
-30413514
-10335558
30769873
18734951
28000430
-30755891
6793147
-7278424
-9474
-19229917
-9528072
-10673203
4254718
-33528337
-6241704
8864729
19009174
2130335
224220
-2189667
19559415
31374506
3999405
6418238
-22313254
-21049319
-29502985
24189441
4891816
-6836227
16434679
-34839194
-6942057
10538132
-7341335
9802533
25143797
-139748
12195493
21055253
15298433
-23002563
-15349941
5559805
27590012
-2412518
-14464676
18598490
29638522
33333335
15150102
-24498549
34763437
-2920225
32849428
-34232929
4069680
-5511987
-34649585
-4651109
-5236258
5721180
-6976890
29657289
-18574467
-11364455
-17755648
22223960
-230987
28229747
-24421617
3268609
-9861214
-12986314
-15701686
22953010
24540695
22983148
946586
-27740122
14472406
-15354281
4204203
-1410329
5733233
5741116
20703074
-34563746
27142551
-12296796
6521239
-2748948
-2261965
32720425
34443547
-10367480
882857
33340353
-14617849
30186483
32461260
-31252531
-18515875
-24235402
-5286141
-31546065
28612644
-8896914
-33561699
-29499296
-15431855
-32807680
13410000
22536531
-18634371
4317747
26791630
19704665
-7227714
-29664584
-8359185
6221797
11525058
21041747
11526354
-10982992
-3883347
-23965568
12402628
536958
5359305
-11969757
-16672176
-31957245
-16177935
-23585362
27802999
-35173089
8859252
-27548854
-4062148
-2981798
-32736435
16130364
-29233312
8305390
-20610034
-34480461
24998346
14980309
13623520
-17051446
3164567
-10310115
3636317
-34602510
13665694
6675509
12211030
-4507512
-25744549
8064227
-31784284
29716117
34150969
-34454137
27491911
-1221308
-16754369
17560917
34153274
21065706
16689311
17476135
25897882
-23682081
20998094
7395424
7316406
-19648640
501532
33722673
16462609
20628827
11440605
1276278
-3323439
3083525
-684596
-35279242
-24044207
3822258
28397072
17009641
5709191
18429582
-34387574
30941555
18928776
28708662
-8193996
-10562526
29667239
-35361031
28166219
25732989
1342486
871278
18479539
-19216531
29349966
-31683224
19104184
5565560
1582417
546664
-2564138
-15372898
-4370136
-10112563
-20144306
-29326059
-7470941
34288249
-29148004
-13954263
-20506092
-30564305
30491959
-28441527
5881583
615978
32996883
-25911930
23502953
34201212
10067924
33562315
22387229
7463772
-13837268
-7049205
33975061
-8894673
-584736
32544556
34463219
-31258675
5767482
-19758370
-22783187
-8431643
-748908
-27704395
25467440
25159089
9828694
-33014217
26808282
-23774325
4798029
18722835
-16024951
-14037328
11801136
35063598
-25394504
4857097
-14963237
22394756
-24471253
34800882
-12953220
-25611223
14786034
26350283
18124817
24544155
4625400
-7124266
35861684
27919043
14586264
5697788
11487122
15215032
4087605
33147837
-2868430
6980798
10253660
32544546
-9352777
13866126
17339778
-30580909
-21236572
-18911764
5115730
-17198167
-32733250
14207047
3574425
2716411
25537317
-12315354
-20679265
30589013
-12470696
19991272
1631413
-27003174
-26166724
-26382902
-13343388
-9823944
11074010
17997392
-27854810
-29254595
-19099852
7619851
46991
-1945639
-34795840
-8612415
24547804
-2888789
-8370292
-17384011
-25246083
28884776
2089169
12235425
29041990
16936466
-7836311
6280696
10648107
-22043941
21286046
16393761
-7849111
12745256
1836015
-8934960
21252402
-26650772
6534363
7027714
-16355497
-25990147
34298454
29012106
31962338
-20613046
34043709
16506111
-26244223
26159300
-32593665
-14879395
14198018
-33388540
-14452188
16407638
124029
31390965
-17466649
13496538
-15651680
29482705
-25112646
1836457
29089804
-5358881
33074953
-22020955
-19718031
8966558
32072610
6843344
19540759
-6626768
-14143277
-31587346
-6868173
-19435566
-8603362
28036427
-31318581
7583792
26654429
-18483450
-30862220
17579673
-34284928
12725500
-2311603
8365414
32389892
22918923
-13808492
6468301
-16114683
31446127
34868423
-30232910
28570779
19757617
-32142831
28133555
-10543050
-9833350
7449136
-36572447
16531325
11731200
-34301913
12971570
11335502
-10030831
-4516565
21139959
-3525871
8399993
-15699916
-1370836
5801245
21502487
36817713
4790972
9219590
29430317
25599073
-31149470
-26159732
-32054512
-12899900
-8818245
23686557
-20381172
23717055
-18411331
29433756
-12272621
10341406
19684241
-27326584
19556655
10271470
26991995
-28211657
-31773344
29188926
-6949789
-28889171
-1575174
36200050
-26296866
35580843
-22098387
-22037628
12268051
-19824842
13129035
19730769
-22230657
17494326
-15103265
37187714
23677040
17663292
-31928895
-35784379
-32978206
17641215
-12262058
-7679988
13595825
-17152284
-35667425
30614727
17398717
-19341068
-8899658
26522925
-23816966
-15945347
18940792
17613379
26130692
-444598
-30441193
33617542
-8529056
28212572
16720628
-12053651
29210172
27801490
3171440
-11456299
-16045967
-26516349
-31625567
30051818
8012231
-332271
36189512
-35235829
13246660
23672208
-34299661
-25267752
-18886247
-31565091
-6278740
10594087
-12553942
22151749
-28150880
-3839368
8172643
9351569
22325309
-25100691
-23475840
7725134
3295986
-36621877
-37322324
8088100
10771924
-21194051
-24560838
-19343852
-32315304
-4542563
13160036
-12365805
17681329
-27410410
-15395558
10096464
32503137
-10727891
21567700
11397319
8042130
-8622110
-29830964
5556836
-19071186
2573044
5974455
10578734
37537867
36294885
-3457679
-8803932
27529324
-19292986
29676411
35567434
-21178449
2756633
26676367
-28583553
-22998994
-3780729
-31574370
-14863954
4090285
-11407737
-6664383
-14740756
-23222223
-23146013
-34686639
28872892
-9948683
-29255860
11527969
27595414
-14364186
-35698467
19453973
30452716
19981174
-26719185
-31239576
-16601567
-24459432
37180004
-2239190
12051917
-28467503
3783996
14809438
17801582
31164460
-30287885
-28105850
-1770688
-27537908
-24708390
208728
35921307
-3222441
-32174023
27449411
13345087
-29545221
-36094812
-27280885
9236479
1470011
9554612
-13575155
29446253
-8984527
-5358183
15477761
-7897764
33309816
35966129
-6816763
-11590055
12009727
-2690814
12910808
-33405484
-27198099
15692077
14354064
-3354606
14227429
6060280
35686961
-38013693
-12650115
-13886257
27528488
33175202
-22430186
37175052
19136068
26192590
7044619
-14799923
-1001524
16182266
-5710554
32186391
21371634
33809728
-30097207
25923767
7418188
-34054655
27839309
-34663901
31283860
1535735
16186259
-27909271
-37685031
15423145
5803511
36503634
-34160039
-23180448
21402577
-35791598
-23881487
-1071841
5623176
-33599278
-25871520
-24304360
21000028
24809903
-19295588
34217407
23996061
-30671808
-24931993
37728590
33802598
-37583595
32805278
-8282557
-4468108
-29559305
-19089560
2129069
-4674645
-3806827
29882714
-25880870
7678590
-18969228
-14245385
-29188183
17161891
14329696
-965108
122618
-368002
-6864506
-3353612
36788979
-7754109
30105270
-2144358
-36651554
-26440138
-18535171
1204684
-37331080
-22297921
13579720
4407139
23345526
5242548
18209396
30914272
8903295
15170371
17637805
12412824
21408078
-1175947
33813237
-23139172
13415263
9085518
-6330186
37708094
-24121458
17688095
33638245
-5826961
15281227
-38359854
-17077828
14998125
5306904
11551684
18044730
35303773
30431582
-26137047
-9666901
-29839850
19570458
-32945833
21137946
-6025236
23792823
-29741987
-35233862
-24884190
-3819103
-7590463
26755775
9112120
1289557
-27806965
19418415
-36496428
-33077362
1014617
-3596729
-31444470
-3017865
-5536924
-7133594
25317998
35604545
26560428
-12660944
-20837462
-8578137
11706687
20140821
24927141
-26256077
-2282426
19779001
-2311647
-5028966
-32501402
-13097879
6357884
-28487709
-31281835
38753823
-26569914
-20441663
23645040
-2086413
18415370
19294798
18832641
-21688362
-14677905
-37873431
19266950
-28706066
6694110
14488653
23113258
-6942170
-15907839
-24682569
24517299
17689169
12919361
18082775
8613608
14002598
10046379
-21169287
37811109
-8515458
16123967
-32044943
26166431
2063871
-10835381
-33377720
-4539149
32173088
-3030897
-16337154
18585550
18372233
-21324829
27543811
-8942884
33918352
9820849
33908368
-30926217
10647816
35452598
19577571
-32642205
-867063
-5726295
35627967
-23936204
25137269
-20377465
4573547
7427901
9594995
32480595
-10481043
15314424
3236421
15860463
-23848443
18421026
2896657
16426631
-2276357
25151716
10668556
37637205
-19110103
-34656773
-138765
14062707
3136347
31289294
19621924
-27543986
31960593
-24851203
39083125
-13512256
-37554891
-3941855
-30032639
17747438
13159620
26059674
15900393
18436718
-14978926
-10885386
14747080
-17971328
-12276217
27728108
-25444305
15808617
6561884
1472332
39199528
-11480114
-39076038
34012022
-20886162
17846518
-18238258
32524297
29499558
11545736
38858810
-11557054
221565
-16241523
15441771
-26917479
38497985
14658950
15683746
32067266
14332476
36119660
-36732136
26261568
-7750457
9471235
-35513227
-752585
26239842
28588149
-22968973
-26957563
33077396
-7575249
-23691841
28697768
8588057
-9656940
-117636
15953688
11157052
-8783542
-32832970
-29858726
-1960155
-33423159
14326713
28321088
-15157482
-28919130
17883380
-29758395
16078039
-34495364
7069009
-233562
-35287340
12106017
-28348313
6763119
9737002
-20565245
24864017
7776826
-39429482
-14827061
-8497512
24929566
-2775509
37859086
-11843409
29399477
29312572
-15578470
-13011992
21375561
-33133569
-29057125
872865
34874380
-17255035
-22461168
21190968
33294471
-25018627
16077813
11530738
38217041
36151078
13064953
-27918121
-2055546
21693707
-9659011
25975437
-32304350
2253622
11300341
-21721331
-13585644
-6287753
10568445
21567057
-22494740
24117743
-10586216
6151260
-627996
2549789
-28275670
36552991
-17914721
-16052964
-17727456
-647541
-31898765
24782090
-1000725
33764826
-37800137
35131099
9659119
-33366055
39391025
34654289
-37869636
227564
19163493
-38918339
38866318
-17982310
-5079240
4319101
-38418957
-33199736
-2089196
-15006819
18476475
-35475558
34466680
-20544497
26392964
20119134
4666611
20696981
-29296496
5324865
-7268566
-28871138
1139355
7113167
23701199
-10663298
-785035
32912089
-34248470
-33755009
-20965663
4107282
-11749682
3792429
24572004
-34831836
-4194592
19756682
-29268920
32547975
33046604
-59927
-37023521
27717775
16246428
-5116175
22842002
-15185034
-15378532
-6634219
29424135
-14277909
-37580681
17060722
-33327425
-273639
-812919
-2036627
29624758
-33558866
32722235
-2132515
35317444
4469291
-34258233
29201750
-38638154
-505314
1680442
22481108
-6462854
-10610058
-11148914
-3437287
2035850
-22671333
-23354428
-15511603
-21774523
-23361005
11219324
-19855850
-14504984
-21630240
14728591
-4874019
6878516
-30886081
32026243
-10580354
29304586
-16499313
36055660
-23576506
-33976753
-39402924
-21154961
-596781
18555408
-15629908
-15309714
-28370837
-38633571
4934268
-3644553
38615369
-23038230
-13952257
26527769
-31115974
-24149895
-4187110
3066667
-37009636
-19998716
2557439
-14795461
36537536
-35105395
1263008
5680004
-27017511
4872417
29437817
-5521162
-35723269
34798119
-2344690
-11502355
8012621
-16117731
-32762853
13308114
32200594
-11171196
24981789
10948873
15212246
-12740906
4711703
-40185610
-31442705
9231022
-33303299
18125013
4350681
-20263617
-8772410
-27991154
7195763
-28444360
-30549529
-14316500
-20832915
7762214
38015283
24544091
23401699
25402178
16207971
13555913
-21213914
19689413
4401145
20522235
27998183
-6084393
-25096372
-25645096
12803466
-1034054
-6490059
8128192
40014592
-3560097
-4751804
12216803
-33477527
18695965
-29058682
32481943
33584115
-26253727
22697345
10344340
15707010
11321643
-26599932
-19919582
-13029437
-13347339
-12982203
40198414
-35711735
-28873674
-14560289
-31613019
-27325776
-33901957
-23578218
25591
-22566876
-31450009
-14606192
32176503
-14708003
-11134881
-31676027
-15810493
-27775921
9013018
-1290989
-30494067
25779529
-677930
33825603
27921821
11670247
-15962687
13749759
10198285
-8346869
29660313
-35997503
11453486
12840717
-20635467
-15697423
-13109005
28177358
-16682717
1699701
32191198
-26540330
2170712
-16654433
-16431345
6544926
27752051
23984
34781411
-22460191
-21207161
-16269966
14959750
31052614
-8008629
-22113383
13438312
-23306846
14180956
-26297141
3701167
38783608
-5056957
1160369
-7219151
-15731623
-36433292
5072112
-15391986
-2547066
4254227
843497
23317797
-21420530
-6872149
4020746
3297518
16069149
39253541
32580260
-33445531
8385672
10926581
8109974
-41016394
11144951
-23748159
-3853277
-27305359
-14840740
-27012079
-10122270
-34998071
7946025
7454230
36168834
-25042778
-19543321
-15372744
-22406478
-20201792
-22751689
8221032
15456788
36922860
-27065492
16791857
-39139227
-16829914
11605405
-30713873
27514391
16015938
39996130
-34354182
40309236
-25292214
28133788
-24631749
-39035787
-5960358
-38722611
-10152815
1643853
4061891
20965690
28779362
-15160254
-30500447
39720238
-18249874
36329400
-17233592
34278235
-13632523
31555858
-20053772
3912994
-12436620
1889651
20806610
1372891
38113681
22135059
31219131
-29032722
-31083638
-5288604
29480949
-580830
-28482730
41053740
789215
39962551
36073969
11603843
19798704
32475983
5396069
10255854
26330826
3310727
-28210276
9878944
848803
31458238
-24666344
35464308
23443460
36666831
22101698
14720299
-8944197
-30249772
-11138843
33642670
-40713444
21473145
24389576
3359502
32536559
-11492026
35577181
8670416
24161972
2632798
-5974265
24876184
-1766138
-10797449
-9383802
-28171726
35025619
-17927212
522096
10435548
13915712
-35955869
-14775077
35151515
34668352
-7782838
-40778477
13375661
22528712
-11806250
-21627456
-18604797
9094643
-25983363
-6874091
-38595644
2398276
3991107
-3247748
-2207814
8288315
-12147355
-40975620
14614672
-11427684
-34673618
22468591
-7691578
-33971808
-38557464
-14692126
-33062018
-8956032
-18810114
-40685326
-7907252
-179585
2961482
-24077227
-12913406
-34594729
41657490
-16778040
5178261
-13824553
-21566250
-17146902
18020837
-27848197
14524795
25836993
-28128411
7445926
40005154
-20448021
-38758022
-2515292
22855260
-25003443
15945318
-19064432
-4757740
40833427
-2763978
26167227
-24548312
4707074
8258859
35417912
8594850
37952988
-1570523
24891833
32047009
12133724
-19228451
-8146843
-41166061
30649852
-25312139
37246989
-10504184
-23585618
-755269
-11730732
29257067
-41659005
-2913974
9603596
-38750117
3737221
40477194
434503
14136576
7328824
-13793572
-21680274
-8808846
-37018633
-11352177
-33499774
42091836
14097522
20834990
-38057728
39417423
350171
-27985595
8008338
18428442
23150277
8707902
2767671
-4197930
451397
31126548
7802672
452396
32124812
27488200
6138981
12236505
-26002326
11771651
-1091817
14606192
31025484
28146053
-41279973
-4210981
27841125
-38095974
27050152
7531939
-26988962
26795179
-2571302
24330126
5080854
24642619
-31646518
22416846
16874509
-40802483
-39924674
-34401859
10463610
42187923
-21285231
8594455
-33547505
-262590
-616642
27680914
33309074
4608230
22241424
34795330
5167103
-7729344
10202762
15370376
11391921
-254844
-25975696
25270426
9415571
-27766410
-40479443
-2563175
31716036
37994565
-11644303
333045
-21397876
-42679715
36341827
35508562
-5469326
12702936
2031227
8254586
-32285791
31622571
25540757
12759468
-6974672
34581179
-35191890
-24893676
-23693761
-6020883
-11503673
-22456741
-1019984
-26184466
17837538
-24174707
-31357600
32111640
20426495
24708335
-8653623
-16715789
-42684048
42694242
27109773
40023823
-42581623
17725497
-35340019
-42006312
26404857
-33014487
18233998
27241191
-20505401
12895214
-699847
-38695090
26007926
-2446243
-32229178
35930046
28224116
-35379766
30699220
12396214
-36769310
40569658
41810415
4896535
-1403770
-31840630
-35312034
3182941
29942076
40082445
-33301055
1684720
-34765953
-10195845
-11538380
-40230287
32863955
-30489391
-42783892
5950307
18492345
-19954172
-18630867
24832907
-41424370
30687303
-34612948
-15956299
-19558646
41131373
-33684690
29049303
27739260
-38389090
29047067
-42815979
-17600889
-32138121
-10082668
33650737
-14902922
-15414229
-41308385
-15132425
-25070764
-12239409
-41258655
19286384
-29074136
6231205
25294858
-6245568
-22494008
28918881
-40946151
17880167
8019486
26994696
-23059875
9699444
29428621
-5294347
35875919
-37458230
-10114342
18189829
26118461
-15332930
-43382231
-14315351
-27234213
13970500
-15005721
-19935148
15660764
25062195
22460390
-38844609
-2605166
9280703
-24034141
-6977738
30779620
-33758212
-40778
-34902885
43272058
24938752
17325151
10227237
17791422
27186376
-3334014
-24329961
17891935
-38971142
-11943461
36258174
-4203038
-215601
-2006102
7684324
-30474490
-21317650
-22188583
12889830
-11643250
-19106293
25948424
35292225
38757689
-9046761
3295423
-24241819
-19167204
-26647581
-39423850
18389019
21809241
-9210718
21900569
30983448
-37572591
42588995
-21641346
-11499526
-12508032
-8633459
10786051
-12998475
4865335
-18620655
17349597
-30652811
-23209556
27400050
7154569
9791515
-35420516
11656620
-31967455
5328936
6588957
22661361
-37787878
-30554826
13360531
6821226
-27743030
-5143910
-40060646
2031018
11537365
15894173
40469631
-37388196
-32296965
19324899
27516895
-39313949
-43754958
-6562383
1943737
16164222
-27410410
3609414
-14129966
-1371995
13727170
-26487654
-38301751
40330578
-17030664
-21562743
27929900
29938480
7350868
40541316
-29219442
-19218613
32808703
-28998069
-43659064
-16512229
25248811
13279819
-26389024
-34500342
-6688296
-15715583
-21948864
19648475
-30335623
14088034
21732130
-9427770
-16790458
13381734
30319089
-30258056
23798187
8935084
16063243
-40807023
-24386045
-22209587
36402465
38956416
31594830
42740816
-18764084
17751898
-19531251
4000794
-6406858
-7725418
-30168344
12792677
-35098184
12685584
41138514
-25767410
30226775
30946820
19144049
2562751
1179559
-14203115
-43986582
-33007458
33525692
32232253
-14424272
-8687117
-39598648
20385367
28065249
-27318764
-36711308
26945935
111032
-33478052
-15623276
-42244865
27597158
23443100
-195118
27573642
42785235
-6185038
-20838620
35045288
-23959951
-37313123
-23224004
-17162247
17913213
39879209
-20439301
-10254535
-3214902
-2187637
22249861
43305379
34265685
-12726028
-34583327
-40661060
9445653
-41238210
7880618
-21766735
25130039
15094835
-17890007
-33231521
-7769291
-40205555
39107784
-36997883
-2122253
-12822968
-26250244
43567828
-8432113
18044644
3606810
-20748921
21991628
-9338406
-7581144
31841925
-23476539
39831973
2895295
-40461446
22784288
43433882
-11059867
29694279
26342883
-28655719
10055250
6412640
7031796
-9717005
35231868
13018661
-36748385
37835515
-35097516
-42086216
38786532
-22476227
8999628
-36257596
8780373
5926467
5655105
7839940
38015548
-27783142
8865865
-7431391
-25658678
38028662
-27965963
-24906304
14244773
-41356447
22491630
35742810
-13677861
25415738
-28929842
12526187
-29629264
-30866341
19428569
19063317
-6291725
14081272
-40010829
6398831
-6463142
-34341798
18218877
-2408517
14619440
9755564
38162594
-34224270
-34013268
3655496
-5170979
22166156
-20375122
-4029882
37831819
-3790611
-23000789
22050230
-35360714
25460954
15469173
23212909
-20936217
14864789
-42786039
-4689770
-3534612
-34892958
200623
27246359
-44153346
-4845362
41660946
-36389529
-31017754
-24505486
7572739
5294681
13182722
-43485055
-42883447
-11297616
40354355
27998571
-26636818
6694783
-9100316
-21254320
13387638
-31450987
-34797093
17150555
-23850385
-39577094
-15665682
-25251542
25273766
-41693100
-5510554
-9406852
3042752
-11545557
32662352
-43470846
-15426269
-433119
-9001972
16567140
-37542620
42499584
59214
-16500468
28759527
7489929
-21530492
44091815
31594027
19241564
-29194447
-10442415
4218724
8782123
-39722741
-31414768
-8447612
23211923
-44790106
-5859230
28649931
29798784
16875671
-37303718
27199527
11108037
-34090707
-15489836
-14179657
7054740
22985619
13784374
22522919
1254887
19091492
-30396480
10096950
-8120149
32636727
7115830
-6504693
-28382409
35872514
35018965
-23243840
22594453
-24432573
-37543723
14006380
28384438
-21925829
35445649
7286063
-4890797
34620162
24094484
-9380078
-44591340
-17105202
18120040
-11896205
-15939606
22320399
-3814627
-26972070
18509393
37820184
13315129
-1546556
27715895
-39770023
-7091000
29764453
11317260
-12651059
22270211
13625582
-32467834
-25895292
-19785684
-33930013
-8517428
13338698
29725753
-20842669
2884776
-11237507
13243262
-4665544
-11112568
-10393935
33869471
9559170
-22834338
-40414621
-8644922
-18360080
-20638483
-14372207
38145247
-43425711
35794343
-44841568
-33726082
45068122
15110721
36226658
1940477
23796808
741779
41925068
11766474
6262696
18404695
11376078
4759768
34909109
-27432028
-29178673
44270860
-45505488
-40765463
-27455650
-1128385
19191836
39401123
12744098
-2119075
28718228
-13403790
12954444
-17802515
38202415
-38659219
-5270435
-21615425
24947150
27471614
40314188
43578657
2856045
-22950200
18428684
-10495838
-45305154
-24107772
-42468850
-31637779
-19746127
-18696688
-21546536
-15008352
-8719683
35326985
42370030
-12810123
25625965
29046850
-2467752
6013195
-16995217
-17315532
6459041
-19575924
40487453
6083501
17025732
21957993
-44195536
-23940369
-21841256
45417672
44784067
15787762
-44509389
-44418978
28610415
-2320828
-8934869
-37386427
-36666660
-25887575
-33738746
-22336390
16828716
-30634113
-5119341
41428252
-8578830
23318701
-3129572
12672773
-36846129
38527439
-35843803
-7945429
-24561359
1901929
-30160398
-9640532
41306057
-22587114
-8322686
36200274
-10372503
-1259903
24496526
15073324
-3225195
-22512430
-45259765
32579180
268330
-33477402
-22612465
35709318
18768424
-14183712
-5838746
43651930
45118418
32745464
-24912399
27232976
-7352265
-40694013
19216071
7025381
18482487
20060051
23063934
23069702
-31948490
23665
16708735
-40627650
-34714231
-36912087
33224489
35444571
44890022
-4117566
-5830793
-16068671
-41288497
-6694319
-45014823
-26077828
42999243
-34797756
-3026195
-42698835
46296229
-42563167
-37150931
-5764813
38888799
-14557468
5820967
28231266
-23030052
34529309
-44534542
-42776466
-5400873
43067923
40416898
21204995
327041
-44754167
22197974
-26954471
-2057465
-3633500
-13839688
42201151
-14931597
16126990
-80193
28726254
-16869973
38824523
178987
-23131119
15149309
-35352886
42647086
42942041
7799775
41800609
-5697172
25304040
-7674772
-27432515
-22589101
-6740639
8368015
-16765544
-18590869
42258349
-3556594
-27011049
5234521
-18183116
-1626832
8568148
18722294
108021
33930297
-12578567
8524479
18842077
-30759976
-11341015
44769305
36060301
40744926
-34849735
41645785
-32021429
-2003188
24991577
-14084554
-9415196
-43250525
337416
-20152674
-18345577
21893261
-12201384
-44082634
1449913
-33856484
-33693652
19809834
-40018551
25980248
-10601
-5947277
-8049
-17726593
12057683
27036400
-8436513
-22854080
-44150770
-26461545
46207715
42651677
24897093
-30273225
24571760
45448227
-8835
-31707215
-29957747
-21405444
-4428250
15145791
9458647
-41794627
23236090
-32734840
-39934365
-3679791
27222774
8332898
22733260
1464523
-25378282
27937682
-4557782
-15768281
-23721182
-32311795
2005628
23741773
-21960174
31825198
10127505
-32348131
37497904
2445556
-38072495
-22776926
1462212
-19230127
-9028598
-38602640
-3322627
-35042377
-9089122
12543424
-44137298
16366645
-42007668
20526584
4589333
-14720571
-16092698
28207070
5965986
20159295
42074057
28558426
47024533
23272299
32899374
-38230389
-30841703
2358794
17555104
3372922
42664312
-10527242
41381775
-38510579
27934443
-3663530
27695460
-31821559
46042970
-39033772
-15032102
45549744
28360573
21077837
-38369637
-37482802
-46476337
-6372322
-1128424
-29391974
45427477
-46899185
1642397
-38652635
11745446
14460079
-26901100
-30054888
-26861087
-994884
36720640
-44386543
-32698852
33508321
10618415
19147969
38205261
-42905040
21029087
3286406
21056815
10884240
-5289864
-44226348
34909457
-19911291
-14200490
17963335
38960752
21037143
13048430
47283359
40282270
14681025
-6595343
24984239
-21807814
-44911647
-17811370
1422075
-14515571
-4610436
-42817923
-1370061
-315538
-39301762
-2928553
39804559
40326964
-10579304
47531250
18949918
-11694691
27800757
-46311660
-6369198
-8020353
-33734107
6457818
21968026
-14333523
17225394
-1199806
45419938
-9058523
-43663882
23326671
-6734221
30336682
-34104125
22844495
-43546799
-188830
42070394
-8709403
14610982
-30210782
45434328
5810531
-46258807
-19930019
31060827
35804120
4497725
12569904
2661268
-18374875
16015145
-43194208
-40444866
-10710518
-26210568
-1715679
2326410
-39362874
47199375
-29230193
30810025
38529169
11421314
45765798
-39270252
-25217154
19917186
-34496640
7067519
17882933
-32499058
22291164
-19947102
-37912445
31027627
41333810
-4918936
-3189814
-18578678
-37746000
35244684
38298338
-27856987
33561256
11144483
38725074
-39601537
-17947256
34388687
4764690
24505812
-20149801
-7615472
-36825305
16410761
45080383
-7572403
-26584815
17791840
27216562
-43565936
-31535015
21120289
-22530042
8954956
-12398113
35029127
-14019241
5367238
23425409
39407221
-3294785
28942896
-29963376
30357525
15803277
-34301616
35508874
38839056
-15746506
45096291
6787097
-3281768
28448121
-28674804
-43225493
34127518
-231182
28063709
-2806703
-20012695
-1861468
-47625902
10692656
-2720239
-33183742
36811656
35730370
8782476
-8013309
-8981199
-8868439
-45718526
9174140
-2024548
19704681
-4671455
-7493026
28271940
-19684327
-4592366
14992824
26244236
-17237326
26962625
-23643891
-7335283
-41494099
-27372370
21308690
-31160081
33697211
6475811
-25608166
-11391780
-19512474
27222850
16181974
-37548424
33691683
40189896
5381141
-20924539
-21389947
-30904317
-3314139
3868820
-41467305
-7801608
16379496
35284501
26933789
44638126
25467976
22081117
-30133471
-27300112
-27440399
23303466
-15214830
37361293
9993360
22656930
-35050397
-32960110
31474499
-48316543
-8117759
-40193754
-4209252
2017820
31891583
-9264015
-516227
6673020
14859275
14137073
24138493
39272057
-32775819
31961620
-39416842
-37788611
10663377
-16454892
-39557540
20291946
19849443
39315592
36188031
36043319
-45876368
44102912
5006189
16681464
28423594
15785940
-8062340
47984283
20113363
2606012
9104865
-6274860
3822018
-8381535
23897120
-30813237
12141859
26243655
-9975461
40924314
29044960
25665087
-17620803
-35049963
23336094
15214690
37170626
-12269055
37507328
-6888616
33880085
-46782853
30822577
-36769888
13986797
-1679449
10735986
-19540066
33494493
34464097
-48748591
27054408
-33836275
14812968
34552538
31561794
18794543
25628034
-14747568
-20939444
-23145116
16588901
-39247585
-6117619
11421189
43306517
40745591
-48205827
-5318536
-35930811
37056870
-45681470
-41200127
-1210779
46657490
31305616
-3439309
-25718629
-24461144
-29285945
47203347
-36435335
-27998101
1507362
25152232
-40839450
-40459801
-15541799
-27283666
-29849600
-21256819
40559586
29669055
-33314786
42999155
-48179804
-11175874
40419402
-25790942
12547823
6796376
38393703
-42597918
-19037657
42530784
-26847496
23045179
-9815085
10884824
-23349499
24025387
27680084
24965931
-42453900
43790056
-22507933
-44805684
-41574736
45527253
26715789
12016898
37074662
-6504528
12936561
-5037935
11736010
-18773479
38174878
-29053227
-12902004
10652593
7018035
20815315
33160236
4255531
-10052267
31624855
10414686
33270175
-18601210
12401082
46788023
17578340
12506241
15175201
17138642
-15806794
9190713
44852549
-4749544
30053736
17559121
46207670
-43913194
-4941452
41162123
23911376
-37904330
46903133
-43724565
-167556
-39883516
9507387
14022681
-2526532
-18313622
6140208
31471169
-5270262
26802648
20011699
332592
1291658
-5293474
-1926132
43120528
-18707534
35374523
-2064474
6851837
25400532
45297357
46046160
-44553219
41924321
6063328
-20143526
47223207
-32609687
-29733656
8338807
48616476
29953586
36846719
30146479
41329131
34492436
3061695
34154996
-33406306
-21754360
-13119499
-24657751
6425171
10513208
32710240
26957428
27068694
25174086
42499981
-42114660
-42400358
17436846
-43180873
11727230
-20529382
28873758
-5157315
-30963435
13556810
-17971095
-7807680
30835971
45293088
24545085
27032339
39863422
-20075850
-41715235
5903838
1002021
-23320411
-9787446
6693680
-19164034
28925630
-21688419
-31442567
-13098919
-22124675
-36245779
16821215
12794196
-11655917
-42571668
-22712670
44708256
-45598217
11882542
-28869476
38129729
-37827040
13954292
-15502243
26740994
43645135
8328402
919229
134763
-11064693
-35440708
33669897
30185856
-1004285
-16649367
-16877270
-39516760
-47405108
27608554
44536889
6056730
-39785661
36851080
-8132749
-29246214
25340203
32509030
42465283
-38997279
24407981
1375614
-43542034
25581143
-22615328
15371435
-25035437
22390725
-44298432
-7437657
-9244
-19611280
24628452
-49086705
-21492386
-13668418
